global_signal	global_signal_derivative1	global_signal_derivative1_power2	global_signal_power2	csf	csf_derivative1	csf_power2	csf_derivative1_power2	white_matter	white_matter_derivative1	white_matter_power2	white_matter_derivative1_power2	csf_wm	tcompcor	std_dvars	dvars	framewise_displacement	rmsd	t_comp_cor_00	t_comp_cor_01	t_comp_cor_02	t_comp_cor_03	t_comp_cor_04	t_comp_cor_05	t_comp_cor_06	t_comp_cor_07	c_comp_cor_00	c_comp_cor_01	c_comp_cor_02	c_comp_cor_03	c_comp_cor_04	c_comp_cor_05	c_comp_cor_06	c_comp_cor_07	c_comp_cor_08	c_comp_cor_09	c_comp_cor_10	c_comp_cor_11	c_comp_cor_12	c_comp_cor_13	c_comp_cor_14	c_comp_cor_15	c_comp_cor_16	c_comp_cor_17	c_comp_cor_18	c_comp_cor_19	c_comp_cor_20	c_comp_cor_21	c_comp_cor_22	c_comp_cor_23	c_comp_cor_24	c_comp_cor_25	c_comp_cor_26	w_comp_cor_00	w_comp_cor_01	w_comp_cor_02	w_comp_cor_03	w_comp_cor_04	w_comp_cor_05	w_comp_cor_06	w_comp_cor_07	w_comp_cor_08	w_comp_cor_09	w_comp_cor_10	w_comp_cor_11	w_comp_cor_12	w_comp_cor_13	w_comp_cor_14	w_comp_cor_15	w_comp_cor_16	w_comp_cor_17	w_comp_cor_18	w_comp_cor_19	w_comp_cor_20	w_comp_cor_21	w_comp_cor_22	w_comp_cor_23	w_comp_cor_24	w_comp_cor_25	w_comp_cor_26	w_comp_cor_27	w_comp_cor_28	w_comp_cor_29	w_comp_cor_30	w_comp_cor_31	w_comp_cor_32	w_comp_cor_33	w_comp_cor_34	w_comp_cor_35	w_comp_cor_36	w_comp_cor_37	w_comp_cor_38	w_comp_cor_39	w_comp_cor_40	w_comp_cor_41	w_comp_cor_42	w_comp_cor_43	w_comp_cor_44	w_comp_cor_45	w_comp_cor_46	w_comp_cor_47	w_comp_cor_48	w_comp_cor_49	w_comp_cor_50	w_comp_cor_51	w_comp_cor_52	w_comp_cor_53	w_comp_cor_54	w_comp_cor_55	w_comp_cor_56	w_comp_cor_57	w_comp_cor_58	w_comp_cor_59	w_comp_cor_60	w_comp_cor_61	a_comp_cor_00	a_comp_cor_01	a_comp_cor_02	a_comp_cor_03	a_comp_cor_04	a_comp_cor_05	a_comp_cor_06	a_comp_cor_07	a_comp_cor_08	a_comp_cor_09	a_comp_cor_10	a_comp_cor_11	a_comp_cor_12	a_comp_cor_13	a_comp_cor_14	a_comp_cor_15	a_comp_cor_16	a_comp_cor_17	a_comp_cor_18	a_comp_cor_19	a_comp_cor_20	a_comp_cor_21	a_comp_cor_22	a_comp_cor_23	a_comp_cor_24	a_comp_cor_25	a_comp_cor_26	a_comp_cor_27	a_comp_cor_28	a_comp_cor_29	a_comp_cor_30	a_comp_cor_31	a_comp_cor_32	a_comp_cor_33	a_comp_cor_34	a_comp_cor_35	a_comp_cor_36	a_comp_cor_37	a_comp_cor_38	a_comp_cor_39	a_comp_cor_40	a_comp_cor_41	a_comp_cor_42	a_comp_cor_43	a_comp_cor_44	a_comp_cor_45	a_comp_cor_46	a_comp_cor_47	a_comp_cor_48	a_comp_cor_49	a_comp_cor_50	a_comp_cor_51	a_comp_cor_52	a_comp_cor_53	a_comp_cor_54	a_comp_cor_55	a_comp_cor_56	a_comp_cor_57	a_comp_cor_58	a_comp_cor_59	a_comp_cor_60	a_comp_cor_61	a_comp_cor_62	a_comp_cor_63	edge_comp_00	edge_comp_01	edge_comp_02	edge_comp_03	edge_comp_04	edge_comp_05	edge_comp_06	edge_comp_07	edge_comp_08	edge_comp_09	edge_comp_10	edge_comp_11	edge_comp_12	edge_comp_13	edge_comp_14	edge_comp_15	edge_comp_16	edge_comp_17	edge_comp_18	edge_comp_19	edge_comp_20	edge_comp_21	edge_comp_22	edge_comp_23	cosine00	cosine01	cosine02	cosine03	trans_x	trans_x_derivative1	trans_x_power2	trans_x_derivative1_power2	trans_y	trans_y_derivative1	trans_y_power2	trans_y_derivative1_power2	trans_z	trans_z_derivative1	trans_z_derivative1_power2	trans_z_power2	rot_x	rot_x_derivative1	rot_x_derivative1_power2	rot_x_power2	rot_y	rot_y_derivative1	rot_y_power2	rot_y_derivative1_power2	rot_z	rot_z_derivative1	rot_z_derivative1_power2	rot_z_power2	motion_outlier00
275.9562522700089	n/a	n/a	76151.8531669088	398.2641618477048	n/a	158614.3426122548	n/a	287.87082293841524	n/a	82869.61069924042	n/a	299.6726668718576	253.99934624918384	n/a	n/a	n/a	n/a	-0.0083235693	0.0956703646	-0.0599125603	0.1168692773	-0.041471626	0.0663170632	-0.160720171	0.1046987663	-0.1228972266	-0.0268002124	0.1762150704	-0.0523422251	0.0632231323	-0.1225282363	0.3239337967	-0.5250248247	0.0187588381	-0.1386551676	0.0761016865	-0.0008580706	0.0667167204	-0.0693828648	0.0087103903	-0.0532695155	0.0946010191	-0.0108063953	-0.1719777913	0.0935702304	-0.0451974554	-0.0600748882	0.0363440656	-0.0438789212	0.0492837859	-0.067859941	0.0171923797	0.0794374422	-0.105606416	0.0011690732	-0.0081553504	0.0728184787	-0.0226923801	0.0564353396	-0.085910056	0.0039316645	-0.032500107	0.0589647437	-0.0549000087	0.0520234253	-0.0213837248	0.0222573168	-0.0793183638	0.0455626061	-0.0039168341	0.0567063649	-0.0007784028	0.0050739769	-0.0271160611	0.0983089148	-0.0427830878	0.0139491846	0.0277380308	-0.074917397	0.0630489005	-0.0174629414	0.1235945431	-0.0008570074	-0.0058512432	-0.043505684	0.1053955893	-0.1026665489	0.1102117639	-0.0782138274	-0.0215095015	-0.0777469916	0.0243743199	0.0083424232	-0.0327741969	-0.0182796956	-0.0692045771	0.0368691566	0.0394031486	-0.1378376816	0.1422321972	0.0398590091	-0.0701819403	-0.0852121638	0.0598600591	0.1037905349	-0.1323338668	-0.049846178	-0.0359327263	0.0914945709	0.033642717	0.022096888	-0.1625672387	-0.0535274254	-0.0833860607	-0.0715279249	0.1997477647	-0.0449733443	0.1033964344	-0.0745447183	0.0205535392	-0.1140177939	0.0548413257	-0.095610637	0.0318900651	-0.1552228172	8.094e-05	0.0364752141	-0.033308938	0.1535745959	-0.1228709605	0.0584644519	-0.1633702908	0.0711993133	-0.1225661191	0.0799010347	-0.0634878707	0.0936729701	-0.0128646218	0.0614126734	-0.0638326312	0.1198217339	-0.0046532785	-0.0885732409	0.1893066906	-0.063239132	0.0778774038	-0.0087293673	0.0323626009	0.0431225612	-0.0254414838	-0.0298101601	0.0481129619	0.174716647	-0.0115784683	-0.0193275412	-0.0030833677	0.0562460651	-0.0661349741	-0.1114392294	-0.059192046	0.0967607354	0.0087515458	-0.0495038969	-0.017902557	-0.021958261	0.0679596251	0.0542578397	-0.1383977948	-0.0499150109	0.1225973621	0.0428574987	0.0434933263	0.088653865	-0.0633026343	-0.1025249114	-0.0823217622	0.1452952477	-0.0719853947	-0.0534440195	0.1963726531	-0.0081793261	0.0204807036	-0.0865333688	0.1646489712	-0.0844172665	0.029026644	-0.0744200267	0.0651892366	-0.0923827773	0.2918557201	-0.0318038591	0.0318423847	-0.1599605685	0.0973091943	-0.004858469	0.0496055424	-0.0125531979	0.0839229009	-0.0278822608	0.2320754444	-0.164104843	0.0856881449	0.102594329	0.1025838106	0.1025662807	0.1025417406	0.0410844	n/a	0.00168792792336	n/a	-0.0108713	n/a	0.00011818516369	n/a	-0.131348	n/a	n/a	0.017252297104	0.00089552	n/a	n/a	8.019560704e-07	0.000698984	n/a	4.885786322560001e-07	n/a	0.0010348	n/a	n/a	1.07081104e-06	0.0
275.62676665076265	-0.3294856192462703	0.1085607732900982	75970.11449435397	394.4196103934731	-3.844551454231748	155566.8290629391	14.78057588423545	287.84803443989864	-0.0227884985166042	82856.49093091307	0.0005193156646412	299.1536111888767	245.55517875820613	1.460236	28.478031	0.0751442499999999	0.0445991	-0.0339483729	0.0908616643	-0.0210893268	-0.0056575178	-0.0461318256	-0.1600367717	0.0706426691	-0.0128057499	-0.1081624167	-0.0500042729	0.0901026129	-0.0463732658	-0.0261414161	-0.0117476677	0.1455779325	-0.0901120411	-0.1683750382	0.116936737	-0.0104440486	-0.0994557872	-0.1003983086	-0.1015524555	0.1446985362	-0.0838591774	-0.0549942366	0.1267700729	-0.01095739	0.0419523043	-0.0633340705	-0.0655449432	-0.0272140224	-0.0124138647	-0.070760155	0.0576000047	0.0501900832	0.0621614638	-0.0206159096	-0.0292964705	-0.0910729416	-0.0570162967	0.0990328754	-0.0615777759	-0.0985691751	-0.0184294986	-0.0046455563	0.125560485	0.0873449789	-0.0333213616	-0.0354280663	-0.0467689493	-0.0236272173	0.0251681413	0.0294029556	-0.0777001715	0.0208732284	-0.0227196669	0.0811818187	-0.0346829268	-0.0654509188	0.0631324978	-0.0975668965	-0.03411658	-0.0654725954	-0.035653878	-0.0526214947	-0.1592463132	-0.0654048832	-0.0408541257	0.0904504348	-0.0854313201	0.1052523821	0.0920270012	-0.0785465644	-0.0712291321	0.0256209058	-0.0603363154	-0.0857643655	-0.0211289868	-0.1633438399	-0.0475379989	0.049563402	-0.0572224035	0.0238267411	0.0921871829	-0.0997488791	0.0193570174	0.1296484224	-0.1409562143	-0.0884864577	-0.1333376062	-0.0304300881	-0.0765980343	-0.1580501656	0.1220758421	-0.0482651951	0.0187681648	-0.0104107874	-0.0161832094	0.1407677598	-0.0245381908	-0.0320970741	0.0073067903	-0.0598684152	0.0144688196	0.1004536094	-0.0909941986	-0.1505889119	-0.0779659069	-0.0190153616	-0.0328049944	0.0431680622	-0.0324651067	-0.062412007	-0.1120185309	-0.1440393656	0.0691328758	-0.0008410762	0.0791767538	-0.02046298	-0.0479308233	-0.0173009531	-0.0729963711	-0.0919864183	-0.0099491674	0.0032286764	0.0007366335	0.034638291	0.0836144191	0.0649098181	0.017943957	0.0047423118	-0.0158209603	-0.0186791848	-0.0697569611	0.0273489814	0.1430862126	0.0519005459	0.085821427	-0.0344640558	-0.1124036599	-0.0492464108	0.0012415282	-0.0280029393	0.1104930547	0.1076287524	0.0555666315	0.0437980614	0.0701765637	0.0954507631	0.0063276041	0.0438107731	-0.0646434423	-0.0353750285	-0.0443383508	0.0144340796	-0.0136499074	-0.0490648025	-0.0718715631	0.1802040409	0.0312628765	0.0196946826	-0.0736863933	0.1561218423	-0.116545631	0.0576840686	-0.0926533793	0.0650076063	-0.0354233409	0.0082120402	0.1218438814	0.0734912608	0.0034020009	0.1686070589	0.1057250919	0.0326469973	-0.0208190022	0.1954122674	0.0501412199	0.0216339791	0.0452652048	-0.0268827938	0.0740107511	0.003813005	0.139286249	0.0488203123	0.1025662807	0.1024716367	0.1023139614	0.1020933517	0.0410652	-1.9199999999997e-05	0.00168635065104	3.686399999998847e-10	-0.0502533	-0.039382	0.00252539416089	0.001550941924	-0.126271	0.0050769999999999	2.577592899999998e-05	0.015944365441	0.00083741	-5.811e-05	3.376772099999999e-09	7.012555081e-07	0.00041458	-0.000284404	1.718765764e-07	8.088563521600003e-08	0.000763993	-0.0002708069999999	7.333643124899999e-08	5.836853040490001e-07	0.0
275.62784837148905	0.001081720726404	1.170119729931999e-06	75970.71079789657	394.0325758498229	-0.387034543650202	155261.6708308464	0.1497957379785201	288.0777436161284	0.2297091762297327	82988.78636695979	0.0527663056441424	299.2314469887489	253.47141634625592	1.430673	27.901485	0.07033216	0.0455323	-0.097297932	0.0387552843	-0.1240867605	-0.0217833393	0.109061352	-0.0007421005	-0.1852573306	0.0096690353	-0.0423277759	-0.091920682	0.006042923	0.0192174703	0.0125361789	0.0666816596	0.046773516	-0.1712763099	-0.119136592	-0.0784781555	-0.1298222317	-0.0118079229	0.0921459887	0.0150725455	0.0067270584	0.030688767	-0.1102682473	-0.087266121	0.0209641413	-0.1044859665	0.0118808927	0.0907031998	0.0100500259	0.1065549623	0.1035084568	0.0709388586	-0.068756856	0.0486989091	-0.0003863933	0.0966190522	-0.0530544353	0.0344426405	-0.0439883339	-0.0069690983	-0.0188535899	0.055860096	0.0257590421	0.0382747326	0.0161177367	0.0763559249	-0.0459346703	-0.0470000868	-0.0619776734	-0.0012042073	0.0650873473	-0.0411822531	0.0640541901	0.0161242375	-0.0602444921	0.038158048	-0.0920728029	-0.06137008	-0.0155716506	0.1243996096	0.0659711797	0.019510268	0.1260481883	-0.0236665306	-0.01806398	0.1128283561	-0.0403387733	-0.0075242799	-0.0872900487	0.0475350759	-0.1224022271	0.1815607617	-0.0541465131	0.0710440903	0.0848943287	0.0266826743	0.0373693408	-0.0220070201	0.0122625632	0.113193623	-0.0390939381	0.0023591526	-0.0609158482	0.0564819721	-0.0115742098	-0.0086530889	-0.0293181964	0.0817203412	-0.1093301947	-0.0014851057	0.001556526	0.0779328544	0.030995822	0.0478511135	-0.1707631344	-0.0577495048	0.0423903163	0.0015581631	0.0359534791	0.0663845846	-0.0437936922	-0.0385631756	0.0405238021	-0.0903617319	-0.0192834732	0.0069651746	-0.0804384635	-0.0253761741	0.0207610944	0.1021437768	0.0617768816	0.0102124841	-0.0376225765	0.103077028	0.0149012281	0.0206585257	-0.0507566948	-0.0420592684	0.0692564274	0.0555284785	-0.0507902529	-0.0362929951	-0.027140989	0.0392522089	0.0307853676	0.0791151627	-0.2759319303	0.0453555298	-0.0668257203	-0.0898992468	0.1150657571	-0.0046395948	-0.0054079689	-0.0326143726	-0.0908416705	0.0655037401	-0.0084701355	-0.0138227501	0.1036054729	0.0029728134	-0.1178759288	-0.1000857906	-0.0377214747	-0.1038180143	0.0163609113	-0.030368207	-0.0603568626	0.0902491969	-0.035197867	0.0387655009	0.0569768978	-0.0162555777	-0.015341297	-0.0043258868	-0.0189661843	0.0911134451	-0.1087297698	0.0685865439	0.0132003141	-0.0739019815	0.1437360103	-0.1187351901	0.009701507	-0.0944187031	-0.0053779719	0.0632872129	-0.0505991021	0.0312628613	-0.0125337293	-0.0251936635	0.2146791127	0.0111303463	-0.0198557891	-0.0382529166	0.0051688252	0.0517367228	0.115961056	0.0925876425	0.1058409604	0.0353719319	0.0746962576	0.0125412319	-0.0343304651	0.1025101919	0.1022474116	0.1018099433	0.1011985345	0.041048	-1.7200000000001936e-05	0.001684938304	2.9584000000006657e-10	-0.00692739	0.04332591	4.79887322121e-05	0.0018771344773281	-0.124361	0.0019099999999999	3.648099999999981e-06	0.015465658321	0.0007220539999999	-0.0001153560000001	1.3307006736023076e-08	5.213619789158556e-07	0.000236557	-0.000178023	5.5959214249e-08	3.1692188529e-08	0.000555791	-0.000208202	4.3348072804e-08	3.089036356810001e-07	0.0
275.3683344232928	-0.2595139481962292	0.0673474893083951	75827.71960305843	392.6068758846128	-1.4256999652100717	154140.15899187577	2.0326203908	288.0234623571668	-0.0542812589615664	82957.51486821029	0.0029464550744526	299.003822869546	251.38835071657795	1.127682	21.992449	0.05504571	0.0295792	-0.0912898661	-0.0205733078	-0.1393223614	-0.0240018854	0.1619378828	-0.1353235867	0.0772382529	0.0190320091	0.0818788154	-0.1039412772	-0.0405486863	0.0289326633	-0.0154520967	-0.1530333656	-0.0012739818	0.0506050833	-0.140334698	0.0613580803	-0.0261425415	0.0833446757	0.0775592077	0.1145146426	-0.0114513463	-0.024169152	-0.0179914614	0.0540299038	0.0507232567	0.052363933	0.0283449251	0.0357401391	0.0382222775	-0.1327613651	-0.0850001492	0.1295059342	0.0018273446	0.0069393323	-0.1264669733	0.0778211194	-0.0576162711	-0.1029398747	0.0167677342	-0.0374721089	-0.1513227374	0.0136959875	0.0147761618	-0.0392037481	-0.0349348908	-0.0014678922	-0.0078050905	-0.0141946738	-0.1250898042	0.0244137313	-0.0178297569	-0.0407268255	-0.1374792524	-0.0752864318	0.0456219685	0.0649897375	0.0669111508	0.0808941881	0.0825159894	-0.0079233257	0.1102328443	0.0164395443	0.0601999633	0.0630029916	0.0039142443	0.0918210398	-0.137957574	-0.08356706	-0.0331017091	0.0570372406	-0.0171907902	0.0738880687	-0.0795919997	-0.1160133176	-0.0747247756	0.1568458935	-0.1276999053	-0.0092532056	0.0761175984	-0.007392025	0.0808804235	-9.40916e-05	-0.0641257474	-0.0396930053	-0.0995495574	-0.0546913641	0.0531711874	0.091727266	0.0397100183	-0.0185518246	-0.0027632546	-0.0694604767	0.0161682236	-0.0509086634	-0.0736847834	-0.0519304172	0.0167546542	0.1165165328	0.0629968425	0.0463516141	0.0069549416	0.0521596654	0.0440977532	-0.0295296679	-0.1606490097	0.0189290126	-0.0398844619	0.020096046	0.0112265454	-0.013711738	0.0244705855	-0.016583992	-0.0172833325	-0.052167941	0.097186778	-0.0514964461	-0.1242160932	0.1524216914	0.0266595256	-0.0078045075	-0.1673005647	0.0177744285	0.0360205154	-0.0867678487	0.032222518	-0.0738856244	0.1004095289	-0.0312905764	-0.0066488589	-0.0925667179	0.0662417866	-0.0374358886	-0.0178405388	0.0263914502	-0.1372082872	-0.0450567005	0.0200513782	-0.0138142527	0.0550359743	-0.0480949962	-0.1075396103	-0.0026527244	-0.0397889735	0.1024954982	0.1187892852	0.0076741539	-0.0834787989	-0.1164670901	0.0790273325	0.0874186031	-0.0401718265	-0.0655807551	-0.1148179579	-0.0441814172	0.1025297925	0.0247712083	-0.0392224043	-0.0519411869	0.0433796255	-0.0653798009	0.1454261853	-0.0130921504	0.0352900527	-0.0110478683	-0.031417701	0.0155381021	-0.0857409432	0.0712345625	0.0304984695	-0.0199014148	0.160551496	0.0564433025	-0.0859650891	0.0461615268	0.0207445224	0.0790015408	0.069148273	0.1046407813	0.1382349212	0.0486210195	0.0724291489	0.0497996256	-0.0893596722	0.1024260777	0.1019113804	0.1010554665	0.0998612018	0.0235162	-0.0175318	0.00055301166244	0.00030736401124	-0.0165255	-0.0095981099999999	0.0002730921502499	9.212371557209996e-05	-0.111423	0.012938	0.000167391844	0.0124150849289999	0.000448144	-0.0002739099999999	7.502668809994522e-08	2.00833044736e-07	0.000236557	0.0	5.5959214249e-08	0.0	0.000530145	-2.5646000000000045e-05	6.577173160000022e-10	2.81053721025e-07	0.0
274.9416959388315	-0.4266384844613071	0.182020396423441	75592.93616572088	393.6648035864811	1.0579277018683229	154971.97758278277	1.119211022380391	287.4772977007239	-0.5461646564428975	82643.19669331065	0.2982958319473882	298.81600241083027	247.5844524514288	1.173215	22.880455	0.0610008899999999	0.0337957	-0.0166599822	0.0572507549	-0.0857640516	-0.0547501976	0.0770505461	-0.0237370199	-0.0383594274	-0.1770000839	0.021175352	-0.0580967803	-0.0358511491	0.0955157754	0.190884164	-0.0487962893	0.0014026887	-0.0324341948	-0.165494614	0.0455534122	0.0330207756	0.029605974	-0.0119941012	-0.0209702694	0.0055856862	0.1138352296	-0.0266076101	-0.1035391339	-0.012818694	-0.0543452664	0.0714953045	0.0358354681	-0.0058676704	0.0389406803	-0.0151645118	0.0705748905	0.0562035256	-0.0768752594	0.0270991077	-0.0131145072	0.000733428	-0.0192544425	0.0384997645	0.0050544802	-0.0635674801	0.0469119142	0.0758666328	0.0206372847	0.067060573	-0.0215500882	-0.0428162755	0.0238059887	-0.0322247051	0.0052100094	-0.0750732865	0.0477268988	0.0050700273	-0.0891504229	0.0518763261	-0.1369284523	-0.0190174082	0.0032543048	0.0323270789	-0.0477770555	0.0584038981	-0.0155481033	0.0986363156	0.0386084819	-0.0987129896	-0.0485401123	-0.1053948827	-0.0523579082	0.0497708657	-0.0078231423	0.0213901644	-0.1366482	-0.073773249	-0.0128048422	-0.1107479285	-0.1254638834	-0.0743803591	-0.1022841076	-0.1142526253	0.0740751482	0.0011781502	-0.0360209501	0.1335758288	0.0255252989	-0.0321239539	-0.1889579237	0.1096306189	-0.0162359309	-0.0080678244	-0.0490755388	-0.024057725	0.1136605591	0.0251677728	0.0040075673	-0.0074037396	0.0100358435	-0.0221183593	0.0359417094	-0.0331634101	-0.0522760904	-0.0980995651	-0.0917359126	-0.0044447794	-0.0591851729	-0.1013946336	-0.0415590725	-0.0173178844	-0.0147460033	-0.0153940209	0.0471254589	0.0690535401	0.0282072006	0.0297320342	0.0641238611	-0.0350459431	-0.1406346353	-0.13822179	-0.0395039945	0.0156312377	-0.1429977956	-0.064544424	0.0267893234	0.0277648556	-0.0466749526	0.0407406242	-0.0539515486	0.0238180422	-0.0876732962	0.1282337138	-0.0793015765	-0.0018788613	0.0054199584	-0.0635737034	-0.0289865454	-0.1213285918	0.0395567258	-0.0866308995	0.0565627531	0.131293069	0.0321033353	0.0510250315	0.0350432918	0.1246060565	0.0234341652	-0.0266558638	-0.0072423374	0.0344955735	-0.0416823276	0.0349749116	0.0512562895	-0.024764739	0.1085329193	0.1378645105	-0.0264826708	0.0159103013	0.0700775479	0.0593255037	0.0078444711	0.142468074	-0.0294538347	0.0380746175	-0.1062794584	0.0443580995	-0.0325560214	-0.0312263549	0.0535152583	-0.1270459988	0.0789733448	-0.0083492326	-0.0585489682	0.0838981821	0.013870777	0.005356909	0.0639619649	-0.0616343769	0.0473132085	-0.0285476626	-0.0430378763	0.0026499673	0.0123045016	-0.0431996419	0.2452292362	-0.1126307416	0.1023139614	0.1014639107	0.1000523871	0.0980872016	0.00881056	-0.01470564	7.76259675136e-05	0.0002162558478096	-0.0265197	-0.0099942	0.00070329448809	9.988403364000004e-05	-0.0851283	0.0262946999999999	0.0006914112480899	0.00724682746089	0.000387337	-6.080699999999996e-05	3.6974912489999955e-09	1.5002995156900006e-07	0.000236557	0.0	5.5959214249e-08	0.0	0.000390825	-0.0001393199999999	1.9410062399999993e-08	1.5274418062500001e-07	0.0
274.78699605735744	-0.1546998814740732	0.0239320533280922	75507.89320222617	392.16808696363256	-1.4967166228485669	153795.80843271528	2.2401606491112185	287.4257573582845	-0.0515403424394094	82613.56599298344	0.0026564068987715	298.4947099304642	247.8222772163012	1.103604	21.522879	0.13166383	0.0798204	-0.0023276008	0.026898566	-0.1206293946	-0.0516977039	0.1042700013	0.1202278404	0.0136373356	0.0614440815	0.066868486	0.0115335191	-0.1063058176	0.0322612304	0.0245954538	-0.1156696469	0.0844127296	-0.0159048212	0.010443082	-0.1384849909	-0.124386611	5.54054e-05	-0.0473220636	0.006165723	-0.1618166509	-0.1092602064	0.0160860651	-0.0231476836	0.1189011056	-0.1044406311	-0.0841068756	0.1202102524	0.0281339993	0.0407342815	-0.1594370514	-0.0871913195	-0.1202870294	-0.1013767751	-0.1163049296	0.0402614999	0.0655344504	0.0945448739	-0.0779986318	-0.020088578	-0.0850142509	-0.0552710756	0.1564896102	-0.0019988981	0.0026259316	-0.0073838158	0.0144577977	-0.0080792735	0.0551353245	0.1400382111	0.0519506548	0.0592513526	0.1139015662	-0.0326165215	0.0846280681	0.0519997115	0.001731834	-0.0864696884	-0.0583066577	-0.049876937	0.0242411644	-0.0642941918	-0.0968486642	-0.051346768	-0.0322208377	-0.1024919006	-0.0647592832	0.0053908289	-0.0139848224	-0.0495497309	0.0173175323	0.0335414346	0.0584035623	-0.0578313011	0.0800771791	0.0125750299	0.0347823416	0.0631503444	0.0306759585	-0.0228783256	0.0229077975	-0.1033981991	-0.0664964906	-0.0211896906	-0.1115610263	-0.0974416967	0.0611594963	0.0853967023	0.0254813347	-0.1321569541	0.0800079891	-0.1532659063	-0.1303144314	-0.0113970091	0.0647510475	0.0183297135	-0.0350253579	0.1382600878	0.0418687983	-0.0783584967	0.0169971398	0.0632993487	-0.2385759339	-0.1394118059	-0.0875880534	-0.0045692078	-0.0809621088	0.093609052	0.0247300233	-0.0568455926	0.1102683823	0.078581195	0.0332709536	0.0265431334	-0.0436813108	0.0483339475	-0.0310862664	-0.139519232	0.0863814521	-0.0257459272	0.0287969058	0.0597648536	0.0149067507	-0.0259726731	0.0307847396	-0.0519830574	-0.0382440611	-0.0496253482	-0.0574537514	0.0026456728	-0.0661636586	0.0436642962	-0.0166710295	-0.0777246156	0.0767433876	-0.0313550195	0.089032819	-0.0684199757	-0.1470910482	0.0334326771	-0.0572117912	0.0046800787	-0.0113687352	0.0410518092	0.1227296721	0.0532432165	-0.06511008	0.0206903298	-0.0993739195	-0.0264545143	0.0975896744	0.0419724471	-0.1338719942	-0.1197268511	-0.1317379162	-0.039184838	0.0500032355	-0.1121324867	0.0040693215	-0.0273869319	0.0344231861	0.0275726583	0.093156425	-0.0277486883	-0.031544005	0.0944637943	-0.0658980338	0.1068787225	0.0211854182	-0.0256630367	0.1657187546	-0.1362357973	0.0274590223	-0.0094558287	-0.069151953	-0.0279771806	-0.0132248832	-0.1158651614	-0.1072016489	-0.1353966753	-0.0584923701	0.1553858271	0.0561704593	0.1021738733	0.1009054916	0.0988031726	0.0958842909	-0.00236882	-0.01117938	5.611308192400001e-06	0.0001249785371844	0.0369706	0.0634903	0.00136682526436	0.00403101819409	-0.0920981	-0.0069697999999999	4.857811203999997e-05	0.00848206002361	0.00110716	0.000719823	5.181451513290001e-07	1.2258032656e-06	0.000408311	0.000171754	1.66717872721e-07	2.9499436516000006e-08	0.000281915	-0.00010891	1.1861388100000007e-08	7.947606722499999e-08	0.0
274.96653537869884	0.1795393213413945	0.0322343679077285	75606.59557816524	392.35230592088107	0.184218957248504	153940.33196143265	0.0339366242097261	287.7806597486322	0.3549023903477177	82817.70812535803	0.1259557066745238	298.88182324470216	243.5952891051948	1.167693	22.77277	0.131559235	0.0684699	0.0077529807	0.0386301874	-0.0499899719	-0.1345899837	0.0161481587	0.0699868467	0.1158406423	0.028658827	-0.0201218663	0.0180500082	-0.1417991774	0.0218477631	0.0318350072	-0.0828582812	0.0025634707	-0.0372159829	-0.0338613278	0.0136405627	0.0592901808	-0.0158195985	-0.0461190457	0.041732154	-0.1160439468	-0.1113990227	-0.096087793	-0.0109149097	-0.0694140349	-0.1386343485	-0.0800417112	0.0950665225	0.010467075	-0.1055109103	-0.0782271654	-0.0260397669	-0.0641553224	-0.0564689859	-0.115525154	-0.023373459	-0.154132184	0.0553982899	0.0545582218	-0.00370107	-0.0214847084	-0.050209833	0.11139493	0.2588795888	0.0600518284	-0.0016027989	-0.0446593982	0.0396788233	0.0483505715	-0.0078680866	0.0105586874	0.0375856227	0.0170341384	0.0138172532	0.0170270432	0.0424664831	0.0674968615	0.2009702014	-0.0902836424	-0.0065046735	0.0037850562	0.0497464748	-0.0535730806	0.0391974553	-0.0508645996	-0.0746332364	-0.07795071	-0.0508445984	-0.0989634998	-0.0222093249	0.0330586493	-0.1513283129	-0.0030378637	-0.0734709516	-0.0137151919	0.0273862475	0.0028698031	0.0154887488	-0.0789523559	0.0805960462	-0.0536301094	0.0232538339	-0.0175625024	-0.0170305664	-0.0738111982	0.0409841741	-0.0514842401	-0.0186482722	-0.0467490196	0.013537879	0.0699968287	-0.0689890079	-0.118077174	-0.037220416	-0.0387186729	0.0673500264	0.0668364366	0.104350374	-0.0668012585	0.0410056802	0.0390586984	0.0051970355	-0.0964319272	-0.2361545426	-0.0878434553	-0.0646727305	-0.0430971009	-0.0618397335	-0.1157186548	-0.0774047515	0.0228677903	-0.0251652636	-0.1754933473	0.0473616202	-0.0661744458	-0.0422587909	-0.0136327906	0.0854125099	-0.0111786806	0.0229232415	0.0342530161	-0.0751900535	0.1020973228	-0.0331740499	0.0743564632	-0.0838438417	-0.0038168266	0.0747274923	0.147778481	0.0287143535	-0.0588280965	0.0325606322	0.0091283459	0.0276878266	0.003891	0.0363956547	-0.1018805693	-0.038237438	-0.0486647491	0.0561525887	0.0336401483	-0.0293370793	-0.0416455319	-0.0613096885	0.0270264505	0.0275468442	-0.0809145602	0.0655071345	0.0188580983	0.0248125096	-0.0626973107	0.0021327854	0.0900891606	0.1503263257	-0.040487276	-0.0053177387	0.0011061928	-0.0639602886	-0.00150705	0.0019897549	-0.0005350134	0.0259102521	0.0404890503	-0.0428570124	-0.0429929999	0.0679961474	-0.1492198294	0.0290144368	0.0191816913	-0.1076104741	0.0225054968	-0.1559147382	-0.0432820488	0.0674628961	-0.1252121823	0.0065858936	-0.0178912274	0.0975745243	-0.0021115066	0.0857651476	-0.0581580469	0.1566516689	-0.032558892	0.102005852	0.1002367339	0.0973108962	0.0932621027	-0.00747218	-0.0051033599999999	5.58334739524e-05	2.60442832896e-05	0.0462382	0.0092676	0.00213797113924	8.588840976000002e-05	-0.0584597	0.0336384	0.0011315419545599	0.00341753652409	0.000203862	-0.000903298	8.159472768040001e-07	4.1559715044e-08	8.51885e-05	-0.0003231225	7.257080532250001e-09	1.0440815000625001e-07	-0.000162662	-0.000444577	1.97648708929e-07	2.6458926244e-08	0.0
275.2953814404354	0.3288460617365558	0.1081397323196426	75787.54704243482	391.8237373003204	-0.5285686205606908	153525.84111199048	0.2793847866414314	287.6675228632702	-0.113136885361996	82752.6037102901	0.0127999548294134	298.7915606492008	245.0713963608543	1.036978	20.223503	0.1095009249999999	0.0676602	0.0281427234	0.0837049393	-0.0166651333	-0.0761792929	-0.0106839369	0.0339168446	0.1366145087	-0.0468833515	-0.0136250389	0.019426385	-0.1411797483	-0.0510629079	-0.0232441405	-0.0780050895	0.0584890756	0.003710747	0.0885167562	0.0452971506	0.0563671564	-0.0296392752	-0.1198800584	0.1290810545	-0.0538527817	-0.0993504531	0.1594803576	0.052716141	0.0495821617	0.0094428187	-0.0874337549	-0.0407891819	-0.0443917142	-0.008249078	-0.0632713877	0.0858451824	-0.0409148193	0.0042188041	-0.0935371841	-0.0580120093	0.079644482	0.0104040079	-0.0350272219	-0.0307163691	0.0111274638	-0.0581411018	-0.1035175541	0.0174505971	0.0282224956	0.0591381394	-0.0226334478	-0.0601480438	-0.1913245283	-0.0365434304	-0.00692163	-0.1105978013	0.0863476089	0.0598836354	-0.0038313443	0.0591074885	0.0129752169	0.0575066349	0.0090964127	0.0158780172	0.0538760845	-0.1069190587	0.0858481076	-0.139189629	0.1082014106	-0.0052812128	-0.0960150667	0.0093179801	0.0281976888	-0.0627313671	0.1291062558	-0.1177772207	0.024205668	-0.0381782954	-0.0416561525	-0.1041020893	0.022907159	0.1735965004	-0.1227306089	0.0536859842	0.0368231523	0.131134524	-0.0143145713	0.0206446982	-0.0699411238	-0.0064920948	-0.0520986135	0.1657181277	0.058657671	0.1628363333	-0.0615281571	-0.0387644771	-0.0057380944	0.0632526614	0.0083202937	0.0086235956	0.0364942864	0.0792936789	-0.1061600695	-0.0338388344	0.0017503592	0.0460221265	-0.0415481737	-0.1043290755	0.0589051263	-0.1433241017	0.0238413916	-0.0008303234	-0.0445640013	0.0059954237	-0.0896554946	-0.1161314964	0.0601540295	-0.0885537411	0.0391348236	0.1946807461	-0.1547600828	-0.0136911555	0.0257294032	0.0149521199	0.1118863497	0.0371327062	0.1087341857	-0.1063876499	-0.0357424792	0.0705320192	0.0307169832	-0.0222732406	-0.0999418106	0.019441118	0.0061500263	0.045350409	-0.0402890987	-0.0544785602	-0.0641238829	0.0609727961	0.0963154446	0.093999164	0.1310244375	-0.0315250971	0.0534769917	-0.0911888217	-0.1105789896	0.1027010257	-0.0063212248	0.0482500926	0.0194999944	0.0675958584	0.0376869853	-0.0434175038	0.0462312247	-0.061714608	0.1524053701	-0.050465505	-0.1436128925	0.1035390394	-0.0069714072	0.0078160671	-0.0228361386	-0.0113675567	-0.013442697	-0.0099334308	0.1270249843	0.0360355465	-0.0413153964	-0.0008334403	-0.0130660291	0.1165365537	0.0631637459	-0.0119715894	0.0301994195	-0.0449934951	0.0503491662	0.0089976073	-0.0134314421	0.0721654683	-0.1442263559	0.0160982321	-0.0277205605	0.0713195423	-0.1120671882	0.0505254858	-0.0102783727	0.1018099433	0.0994583687	0.0955792289	0.090232103	-0.021999	-0.01452682	0.000483956001	0.0002110284993124	-0.0183694	-0.0646076	0.00033743485636	0.00417414197776	-0.0620547	-0.0035949999999999	1.2924024999999956e-05	0.0038507857920899	0.000389314	0.0001854519999999	3.4392444304e-08	1.51565390596e-07	0.000335371	0.0002501825	1.12473707641e-07	6.259128330625e-08	-6.28664e-05	9.97956e-05	9.959161779359998e-09	3.95218424896e-09	0.0
274.54946689855933	-0.7459145418760613	0.5563885037821744	75377.40977428312	393.30926266311934	1.4855253627989669	154692.1760966066	2.206785603519002	287.32776959261906	-0.3397532706511583	82557.24717906919	0.1154322849181592	298.5912807099647	242.3773798585143	1.061241	20.696703	0.059924	0.0437312	0.0442006029	0.113688715	-0.0017649529	-0.0382262717	-0.1085455909	-0.0139787963	0.0727707043	-0.028976522	-0.0751927395	-0.0287566697	-0.0314102253	0.0387381105	-0.0610064423	0.0142831469	0.02470476	0.0901435859	0.0704447715	0.0316854742	0.1024038104	-0.0469697306	0.0271429839	0.1833151718	0.084063183	-0.047375557	0.0785912071	-0.0055168899	0.0462033258	-0.1150032611	0.1375573531	0.1494615227	-0.1358599706	0.0341489267	0.0396706792	0.1045593742	0.0120434743	-0.1095741721	-0.1000152124	-0.080447635	0.0472431587	-0.148516445	0.0359177332	0.0883145583	0.1300269979	0.0035807335	0.0169946066	0.0458501933	-0.1124283643	0.0266289268	0.0550486135	0.0782710622	-0.0178034006	-0.1231858286	0.1182338518	-0.0656371974	-0.0034139444	-0.0251672061	-0.0920384325	-0.0248333737	-0.0293059416	0.0039888156	0.0200613431	0.0391770121	-0.1314175399	-0.0143792707	-0.0261913171	-0.0747083466	-0.0771418143	0.0030192781	0.1203772951	0.0081422952	-0.0265199789	-0.0179914256	0.0613439845	0.0785220026	0.1085293134	0.1255406176	-0.0009973204	0.0297914336	0.0146760521	-0.1126675207	0.0905685859	0.0211190223	-0.0257522505	0.0119879086	0.0109774038	0.0042881387	0.0807021002	0.0366161328	0.040809309	0.0396942712	0.0401931685	-0.052029385	0.011277752	0.1349227916	0.0131354437	-0.0183504614	-0.0932550575	0.0380019695	0.0511827722	0.1137763404	-0.0464738066	-0.0011642017	-0.120429056	0.0525881463	-0.0522083947	0.1215668422	0.0674708909	-0.117307941	-0.009008926	-0.0314804892	-0.0274053783	-0.0877317358	-0.018369593	0.0198339806	0.1113725504	0.0169673962	0.0331190004	0.0204964128	0.0829737045	0.1091814671	-0.1457064692	0.0685642284	0.0037632879	-0.0893985064	-0.0784661526	-0.0069099625	0.0140846566	0.1589999765	-0.132120051	0.0124237335	-0.0010406056	0.0060853634	-0.0113575024	0.0004183287	-0.153428962	0.0193856302	-0.1257984288	-0.0134565568	0.0836577242	-0.0161465706	-0.1209928317	0.0032825818	0.0714581663	0.0150357983	0.1243251631	-0.0715620998	-0.0302885915	-0.0082655826	0.1147435266	0.0777967739	0.1453929757	-0.0022026646	0.0166170356	0.0157781404	-0.0237611783	0.0627969544	0.0797839223	-0.0102695977	-0.085918437	0.0992646899	-0.0149521823	-0.0348176165	-0.0084695259	-0.0420501108	0.1634170858	0.0643798625	0.0269384384	-0.0444483111	0.0767047109	0.1207158124	0.1255480247	-0.0187718295	-0.0506148667	0.1080690395	-0.0896235085	-0.073796071	0.0265910857	-0.0232380193	-0.14412823	-0.0840021378	-0.0109425539	0.0225374335	-0.0139982327	0.0178772817	-0.1295338969	0.1015862008	0.0985712473	0.0936124309	0.0868075413	-0.0247078	-0.0027087999999999	0.0006104753808399	7.3375974399999855e-06	-0.0608029	-0.0424335	0.00369699264841	0.0018006019222499	-0.0702027	-0.008148	6.638990400000016e-05	0.00492841908729	0.000350721	-3.859299999999996e-05	1.489419648999997e-09	1.2300521984100004e-07	0.00024129	-9.4081e-05	5.82208641e-08	8.851234561000002e-09	-6.28664e-05	0.0	0.0	3.95218424896e-09	0.0
274.4221347488572	-0.1273321497021129	0.0162134763477612	75307.50804011995	392.443541732364	-0.8657209307553444	154011.93344744173	0.7494727299478998	287.46558398653315	0.1378143939140841	82636.46197671854	0.0189928071699063	298.70358599608244	242.99621714824977	1.039871	20.279928	0.1250001	0.0945214	0.1021891087	0.0817268139	-0.0329365323	-0.0129259318	-0.0338078066	0.0465087551	0.0381900712	-0.0542278182	-0.0817543377	-0.0116743422	0.0025289371	0.0071250854	-0.066274203	0.0497695669	-0.0695329925	0.0234127933	0.1064169499	0.0505114295	0.0799338493	-0.059040732	-0.0638187418	0.0479104883	0.0293375297	0.0019523623	0.0460639325	0.1819421438	-0.0898704645	0.0523693814	0.036086661	0.0189086085	0.1122493281	0.0299894179	0.1404652821	-0.0695061384	-0.0446709048	-0.0627749602	0.0165198636	0.0151059731	-0.0418147109	-0.0455678996	-0.0909541338	-0.0503874549	0.0633588803	0.0805867488	0.1080710231	0.0722956641	-0.0486093755	0.0662157009	-0.0212619935	0.0310879395	-0.0456940864	-0.1021138369	0.0642255425	-0.072288749	0.0242315982	0.0163035036	-0.0515966405	-0.0397548474	-0.1372151553	0.0485630529	-0.0632572303	-0.0138364426	0.0142970494	0.0457164512	-0.0401315604	-0.029743975	-0.0218176042	0.0016558168	-0.0704657499	0.1779426729	0.0749128299	0.0718309124	0.127646237	0.1163263322	-0.0131241572	-0.0219732701	0.1017323023	0.0458762708	0.0028739305	-0.0471615872	-0.0075850541	-0.0419416013	-0.1016404581	-0.0718360776	0.0417192374	-0.0726048023	0.0522623177	0.02791505	0.1315902221	-0.0472053242	0.0167907204	0.146402508	-0.0679229993	0.020441077	-0.1371114292	0.0271551784	-0.0144116903	0.0436804532	0.0377315858	-0.0011536177	-0.0203034911	0.0315268839	-0.1034826281	0.0454831203	-0.0080253169	-0.0155256135	0.2175864389	-0.0399160523	-0.1547602852	-0.0138008803	0.015217942	-0.0572688208	-0.0787022369	-0.0270657922	-0.0240968548	0.0372245204	-0.035686264	-0.0161621366	0.0007168583	0.0318781792	0.0136422475	-0.0090474194	-0.0150369006	-0.0216642404	-0.0344734553	0.0133874038	-0.177251249	0.0168820945	-0.0597950006	-0.0966778824	0.0673665496	0.0710119226	0.072076217	0.0523067814	0.0287915964	-0.021039495	-0.0013333127	0.0202606772	0.1013686167	0.0224144847	-0.0403782561	0.0596258815	-0.0582939061	0.0607902985	-0.0121358995	0.0577422318	-0.0152287709	0.0372668457	-0.0620439995	0.0345622009	0.1291491594	0.1587484881	0.0078920934	0.0459245725	0.0288505849	0.0316300084	0.0956581757	-0.1390910004	0.0017577086	0.075640442	-0.0155589642	0.0048876114	-0.0472129437	0.0369961153	0.1222009596	-0.0042911646	0.0294517952	0.0336886628	0.0422216298	0.0716602071	0.0841304429	-0.079388569	-0.0320685518	-0.0817644332	-0.1098920125	-0.0165932848	-0.0391632458	-0.0493170964	-0.1355918237	-0.0312863181	-0.0599315261	-0.0105315785	-0.0700719157	-0.0870619201	0.0455192533	0.1013346856	0.0975763397	0.0914153405	0.0830033923	-0.0247017	6.099999999998468e-06	0.00061017398289	3.72099999999813e-11	0.0309297	0.0917326	0.00095664634209	0.0084148699027599	-0.0476519	0.0225508	0.00050853858064	0.0022707035736099	0.000257862	-9.285900000000004e-05	8.622793881000008e-09	6.6492811044e-08	0.000362643	0.000121353	1.31509945449e-07	1.4726550609000004e-08	-6.28664e-05	0.0	0.0	3.95218424896e-09	0.0
274.68395557835913	0.2618208295019144	0.0685501467610705	75451.27545217397	392.6257637361464	0.1822220037823854	154154.99034939223	0.0332048586624676	287.4021076934282	-0.0634762931049408	82599.9715066249	0.0040292397863443	298.4664897954135	241.5913669568564	1.005372	19.607111	0.11250018	0.0704202	0.0890676901	0.0818101625	-0.0182367981	-0.0511557518	-0.0772790941	0.0176546672	0.1204753849	0.0076389796	-0.0864577044	-0.0073848564	-0.0092291968	-0.0010049879	-0.0591668582	-0.002062087	0.0204901619	0.0995506711	0.0665407835	0.1141247202	0.0686139321	-0.1401870264	-0.0622993473	-0.0005346087	-0.0468814976	-0.0084871752	0.064182064	0.0564389027	-0.0064472213	0.0419683678	0.2119810951	-0.0981349975	-0.0518498437	-0.0548987486	-0.0925987313	-0.0047474985	0.0412829319	-0.0468386034	0.0136647413	0.0362249818	0.0477777261	-0.0409479252	5.43719e-05	-0.0339519729	0.1373214415	0.0694889981	-0.0247925203	0.0224996886	-0.1022043106	-0.0125311017	-0.0030348709	-0.0249907091	-0.0431264884	0.1505921327	-0.0642266206	-0.1201676705	0.0222212433	0.0101591676	-0.0419577549	-0.1053489779	0.0652805016	-0.0825641589	0.0093660928	0.1679670707	0.0772395957	0.0585948415	0.0367043601	0.0855764974	0.0616665175	0.0648905136	0.0040033271	-0.0984371053	0.0966797682	-0.0692138964	0.0234349192	0.006717685	-0.0125262206	-0.0643434105	0.0029423873	-0.1101922409	-0.0791898833	0.047776741	-0.0058611471	-0.0574201138	-0.0696156261	-0.0729568213	0.0420945882	-0.0731701777	0.0432029409	0.0416994494	0.0611291166	-0.0758020467	0.0018177291	-0.0030877571	-0.0025546373	0.0215368852	-0.0578680292	0.0481651869	0.1411492865	0.0359635672	0.0639103298	0.0617088459	0.0291556781	0.0325946432	-0.0435826978	-0.0744626024	-0.0331736212	0.0243552626	0.1148742656	0.0020132704	0.0426909519	-0.1004221564	0.0561517772	-0.0375326005	-0.0106341913	-0.0686062505	0.0948315801	-0.0578053988	0.0353962051	-0.1257017907	0.0249082242	0.0022929582	0.0667488133	0.0613576026	0.0087455913	0.0242364731	0.0282394939	-0.1394374913	-0.1088819736	0.0001356109	0.1065642316	0.0840143524	0.006483949	0.0097502757	0.0345433805	-0.0526776449	0.0428149269	0.0459629135	0.0939194562	0.045315022	0.01663268	-0.0501113166	0.0578433149	-0.0042993577	0.1434264332	-0.0373356321	0.0923044325	0.0174931453	0.0715580546	0.0365305636	0.0237101241	-3.33807e-05	-0.1443417288	-0.074144485	0.0162558568	0.0667148991	-0.0989424261	-0.0422153735	0.0368675723	0.038962756	0.0651800778	0.052494645	-0.1219067252	0.0064346409	-0.0576523785	0.0012503774	0.1387492251	0.038895475	0.0400256492	-0.0265862808	0.0414539174	0.0534532636	0.0742188169	-0.0426371709	-0.1267798705	0.0083834461	-0.0981228965	-0.000419556	0.0173140762	0.0283318612	-0.1508859019	-0.0718153606	-0.0633880928	0.0107519245	-0.0030540305	-0.0626995724	-0.017329037	0.1010554665	0.0964747338	0.0889933628	0.0788362905	-0.0247075	-5.800000000000249e-06	0.00061046055625	3.3640000000002895e-11	-0.0278212	-0.0587509	0.00077401916944	0.00345166825081	-0.0286687	0.0189832	0.0003603618822399	0.0008218943596899	-0.000221603	-0.000479465	2.29886686225e-07	4.9107889609000006e-08	0.00024129	-0.000121353	5.82208641e-08	1.4726550609000004e-08	-0.000157254	-9.43876e-05	8.90901903376e-09	2.4728820516e-08	0.0
274.7138407453496	0.029885166990482	0.0008931232060489	75467.69429706132	393.8982807292271	1.2725169930807283	155155.855561441	1.6192994976792183	287.7342401049655	0.3321324115373159	82790.99292878195	0.1103119387935929	299.11140845737634	245.9543464723738	1.154364	22.512814	0.1315968699999999	0.0788108	0.0730175717	0.0861749031	0.0277160372	0.0063106123	-0.0499468749	0.1158564887	-0.0540183739	-0.0304419944	-0.1240140173	-0.0675260243	0.0378680747	0.082597834	0.0491873904	-0.0152276508	-0.0570619369	0.1311101018	0.1371888462	0.0407021213	0.146824787	0.0882271739	0.1239540364	-0.0407587874	-0.1397753508	0.0815919426	0.1630381545	-0.0820665318	-0.0200706173	0.0788341018	0.0628183977	0.0314895243	0.0715552303	-0.0328660793	0.1256577011	0.0770265032	0.0530227852	0.0660008446	0.0353312802	0.0262956809	0.0632847224	0.0612210531	-0.0815875615	0.0169855137	0.1140571201	0.0594594588	0.0200507248	0.0471693401	-0.0555658495	0.1269734125	-0.0199376226	-0.0241972782	0.0451722598	-0.0557603265	-0.0425429938	-0.1313086557	-0.0162343327	0.081850395	-0.0404582724	-0.0867383395	0.0472173199	-0.025676247	0.0601354327	-0.0470188226	-0.0068001562	-0.0467139202	0.0034757508	0.1074076646	0.0845018401	-0.0734183738	0.0136343264	0.0237674557	-0.0036153314	-0.0641859767	0.0496003879	0.0489054527	-0.0261378166	0.0181391395	-0.0091834908	0.0281234468	0.0718767964	-0.0142793876	-0.0225381714	-0.0342705858	-0.1619410658	-0.0894446513	0.0555799236	0.0275228457	0.0031737599	0.0956133753	-0.0577941271	-0.1062919401	0.1205933739	0.0622957439	-0.0107326691	-0.1317694328	-0.0221346776	-0.1171582276	0.0459621399	-0.0430047863	0.0618181271	-0.0598892446	0.0889913535	0.0538150387	-0.106136857	-0.0128557944	-0.0379789007	-0.0074755482	0.14648998	-0.0746815045	-0.0419369126	-0.0868992906	0.0606098617	0.0494721377	0.0387312771	0.0363987715	0.0681428503	-0.0851169925	-0.0642442445	-0.0546653248	-0.0111339877	0.0429394318	-0.0699000238	-0.0204551994	0.0899722421	-0.0471668509	-0.0902403344	0.0805776673	-0.2121221942	0.0196200982	0.1022429337	-0.0205547051	-0.0446910826	0.0070162813	-0.0698634273	0.0201293015	0.0788680869	-0.1111044781	0.0741642753	-0.018736386	0.0955053784	0.1562700539	-0.053245731	0.103890132	0.1564814654	-0.0143131809	-0.0541456559	0.0270397295	-0.0162811433	-0.0603919155	0.0013498736	0.0109546329	-0.0804841161	0.047793812	-0.0600979392	0.0704547226	-0.0697777825	0.1069596994	-0.0790907847	-0.0058653872	-0.1278954999	-0.0638494259	9.583e-05	0.041650391	-0.0916460197	0.0720620924	0.0803966126	0.0110282013	0.0727620026	0.025587741	0.0748882818	-0.0900915724	0.0651356527	-0.0794111013	-0.0699179999	-0.0456084515	-0.08470848	-0.0166020794	-0.0722664645	-0.0862206048	-0.1333546586	-0.0981904439	-0.0645038371	-0.0116153243	0.136319856	0.0553296654	0.0035134746	0.1007486199	0.0952676342	0.0863524559	0.0743244578	-0.0247075	0.0	0.00061046055625	0.0	0.0384416	0.0662628	0.00147775661056	0.0043907586638399	0.00951999	0.03818869	0.001458376043916	9.063020960010002e-05	-0.000109582	0.000112021	1.2548704441000005e-08	1.2008214723999998e-08	0.000577789	0.000336499	3.33840128521e-07	1.13231577001e-07	-6.28664e-05	9.43876e-05	8.90901903376e-09	3.95218424896e-09	0.0
274.42958046159424	-0.2842602837553727	0.080803908920685	75311.59463232663	392.8594488948783	-1.038831834348798	154338.5465859875	1.0791715800564887	287.6881815955703	-0.046058509395209	82764.48982976584	0.0021213862877085	298.90531714448724	242.5581431098529	1.054151	20.55842	0.11381583	0.0564532	0.1125977778	0.0873835799	-0.0251953878	0.034278495	-0.0994520052	0.060002576	0.0175498073	0.0116727448	-0.1276640949	-0.0356453004	0.0405618377	-0.018864647	0.0465915618	-0.0260532724	-0.0614579026	0.1947099114	0.0460250797	-0.0396835037	0.2390889545	0.082515449	0.0952152851	-0.0291278747	-0.0716401355	-0.1476912331	-0.0361036929	-0.0541735091	0.0386457349	-0.0008476823	0.1125375292	-0.0217064629	-0.0768457215	-0.0257950217	0.02050847	-0.0355667806	0.042253707	-0.0003281681	0.0627222825	-0.0938562082	-0.0185177559	-0.0730986123	-0.0249019118	0.0030140275	0.028722441	0.0665387991	-0.1519029597	0.0263678992	0.0032580045	0.0936666772	0.1185004871	0.0541837635	0.1008573765	0.0493664219	-0.0380123359	-0.1594693137	0.0070238019	-0.1681412394	-0.0532893117	-0.0636275989	0.08851838	0.0331675485	-0.0787496905	-0.0454880321	0.0531765542	0.0081207237	-0.0257503314	0.0220518425	-0.0001991585	0.011321524	-0.0128117872	-0.027943985	-0.0444572184	0.0226869319	0.0456261968	-0.1015455889	-0.04310814	0.0081679764	0.0875827711	0.0184698759	-0.0108756562	0.0170299276	0.126564736	-0.0147715228	0.0750299095	-0.0601646913	0.0596949988	0.0598466284	-0.0277313425	0.0182439352	-0.0408679113	0.1267392037	0.0660046146	-0.0134305619	0.0492731926	-0.0861377484	0.0033532792	0.0256436023	0.1333719123	-0.0124208483	0.1005594619	-0.0828609132	0.016686221	-0.045981545	-0.1417064778	-0.0319733045	-0.0437166816	0.0016251306	0.0408551073	-0.0495728467	0.1360124103	-0.0500951245	0.0532262894	-0.0295699841	0.0245052194	0.0653391902	-0.046793705	-0.1422700534	0.1218852045	0.0161987192	0.021346636	-0.0906837081	0.0316942473	-0.0608589318	0.003466011	-0.14125564	0.0197016814	-0.012801933	-0.1403093704	-0.0979847113	0.1253264529	0.0529773836	-0.0627682943	-0.0158307711	0.0011373557	0.0007248316	0.0683928867	-0.0366961292	-0.0381110022	-0.1006996916	0.0584534943	-0.009508148	-0.0523331855	-0.0578545447	-0.0207307239	0.0364411927	-0.0332688709	0.034662075	0.0762451144	-0.1684412587	-0.0273921714	-0.0467549142	0.0521071192	-0.0963469325	0.0975498876	-0.02325627	-0.060934748	0.008967039	0.0861587706	-0.0053652918	-0.0324324508	-0.0844622484	0.0718552	0.011606697	-0.0969414305	0.0429951561	0.0572527297	0.0872864136	0.100012621	0.0407180538	0.0075382552	-0.0913437201	0.0119354329	-0.0636940826	-0.0672116896	0.0397708693	0.1106293466	0.0039023123	-0.0951805873	-0.0345303079	-0.0578809026	-0.0320229808	0.0157802449	-0.0554905605	0.0624610367	-0.0881105555	-0.0011400464	0.1004142296	0.0939563609	0.0834991166	0.0694876231	-0.0314619	-0.0067544	0.00098985115161	4.562191936000001e-05	0.0048134	-0.0336282	2.316881956e-05	0.0011308558352399	-0.0286488	-0.03816879	0.0014568565300641	0.0008207537414399	-0.000384621	-0.000275039	7.564645152099998e-08	1.47933313641e-07	0.000162986	-0.000414803	2.6564436196e-08	1.72061528809e-07	-4.74196e-05	1.5446800000000003e-05	2.3860363024000007e-10	2.2486184641600003e-09	0.0
274.55044301333885	0.120862551744608	0.014607756414218	75377.94575882063	393.037968214109	0.1785193192307019	154478.84445787498	0.0318691473385932	287.58750847250144	-0.1006731230688728	82706.57502942109	0.0101350777084404	298.7896060927078	246.36296145699404	1.052125	20.518908	0.02252653	0.0119164	0.1020749724	0.0348722362	-0.0971803828	0.1044754843	-0.0737244075	0.1503996156	-0.0625335414	0.0026550738	-0.1127705656	-0.0388950986	-0.0130021109	-0.0961939645	0.0530157727	-0.038826822	-0.1137641352	0.0514621749	0.0130527922	-0.0921723047	0.1054417725	0.0145042842	0.1307113651	-0.0256318653	-0.0489470824	0.0822590897	-0.0719053933	0.0311272412	0.0593686732	-0.0569787672	-0.0090129374	0.0930109903	0.0384502422	-0.0118834375	-0.0124970672	-0.1457163089	-0.0125641043	0.0529632705	0.0086521751	-0.0129694689	0.0516000278	0.0243200711	-0.0838718203	0.0255532878	-0.0314947973	0.1153871773	-0.0622625968	0.0110526768	-0.0743136435	0.0542548929	0.1146320659	0.1052893725	0.0773352168	0.0096592937	-0.0211355431	0.0550682745	0.0451252459	0.0002085428	0.050374597	-0.060586134	-0.0384582093	0.0560114966	0.0361079774	-0.0669306136	-0.0895383592	0.1582861831	-0.0131959066	-0.0954403054	0.1224447482	-0.0039968458	0.0003811796	-0.0470785108	-0.1371727982	-0.031560916	-0.0725476629	-0.0455486419	0.0164691979	0.0621091943	0.0581170936	-0.0873110411	0.0137527161	0.0820728297	0.0751137794	0.0606635451	-0.0632018832	-0.0522877271	0.0856977368	-0.0022107058	-0.0988733956	-0.0426284547	-0.0486407612	0.0544168135	-0.0611037988	0.0326093247	-0.081321676	0.1016237339	0.0398701588	-0.0351328229	-0.0864756353	-0.0750257273	0.1103797021	-0.0780112491	0.0336384217	-0.0854720657	-0.0463596864	-0.0527439542	0.0070209276	-0.0112204784	0.1135048645	-0.0090575044	0.1031905246	0.0612366606	-0.0049028121	0.0084102818	0.0470164992	0.1362422479	0.005186846	-0.1036406316	-0.0479618008	-0.0389084992	0.1321082938	0.0318332117	0.0879556659	-0.0470580398	0.0910468203	-0.0215512943	0.0472739075	-0.0643565357	0.0112396148	0.0500772563	-0.0513559303	-0.0708105998	0.027501766	-0.0095817445	0.0460427682	0.025393238	0.0771186325	-0.0534071013	0.0255304954	0.014347847	-0.1350160817	-0.0548981429	-0.0478834999	-0.1317469489	-0.0607539217	-0.0395215328	-0.0545549221	-0.0227149998	-0.1076330123	0.0402337202	-0.1011082485	-0.1010057534	0.0256785768	-0.0164989904	-0.0107774885	0.0328422877	-0.0122665266	-0.0304493051	-0.0019265834	0.1096575252	-0.1578054164	0.0132673644	0.078336712	-0.0077946221	-0.1038832574	0.0505470186	0.0549663976	0.1049743372	0.1288380226	0.0683091517	-0.0371733432	-0.0385338914	-0.0516964457	-0.0458376316	-0.055352009	0.021277802	0.0636000201	-0.0313883481	-0.0996636296	-0.0372901212	-0.0557629232	-0.0066884477	0.0362266382	-0.0580550158	0.1322948423	-0.0956723862	0.0359287811	0.1000523871	0.0925423476	0.0804403643	0.0643469367	-0.0247046	0.0067573	0.00061031726116	4.566110329000001e-05	0.00479954	-1.3860000000000088e-05	2.30355842116e-05	1.920996000000024e-10	-0.028654	-5.200000000000343e-06	2.7040000000003568e-11	0.0008210517159999	-0.000304639	7.998199999999998e-05	6.3971203239999966e-09	9.2804920321e-08	0.000117636	-4.535000000000001e-05	1.3838228496e-08	2.0566225000000003e-09	-0.000237091	-0.0001896714	3.5975239977960004e-08	5.6212142281000004e-08	0.0
274.64286302138544	0.092420008046588	0.0085414578873313	75428.70220858349	391.6973051839974	-1.3406630301116138	153426.7788884056	1.7973773603080538	287.4221737951289	-0.1653346773725275	82611.50598911729	0.0273355555418777	298.46920917836025	243.119179534454	1.065124	20.772429	0.035339115	0.0213319	0.1135154475	-0.0049854408	-0.0690611001	0.1152132652	-0.0671131744	-0.0159589236	0.0551845488	0.018661518	-0.0831688526	0.0184306575	-0.0193328524	-0.1436439547	0.0640924392	-0.0560051307	-0.1339606558	0.1181983406	-0.0248963	-0.0080242652	0.0549308145	0.0408397921	-0.0629844612	-0.0055301634	-0.0460877036	0.0185767855	-0.1195442825	-0.0281335372	-0.0403523347	0.1127904113	-0.0215111957	-0.1186057989	0.0789502256	0.1127192553	0.0962093324	0.0381065712	-0.0912628227	0.0342029235	0.0070687526	-0.0569739648	-0.0369677482	0.0207671328	0.0347216388	0.0381350843	0.0068421051	0.0529171685	-0.0785724334	-0.008523317	0.041095041	-0.0887214756	0.1355019066	-0.0507911281	0.0070847425	0.0601783916	0.0197229224	0.0164036486	0.0320853947	0.0439000186	0.0636836621	0.022906519	-0.0770803632	-0.0764749993	0.0030478267	0.0178886578	0.1324669579	0.0651201155	-0.0432598186	-0.0400038719	0.1119696584	-0.0329530969	-0.0054778379	-0.0160843496	-0.0213197532	0.2451347303	-0.031031279	0.1055352883	0.1173265137	0.0460681559	-0.0114534033	-0.0809052762	0.0935117081	0.0540032606	-0.0264560361	0.155139471	-0.1184576204	0.0085369789	0.0394529243	-0.0158730733	0.0098021943	-0.0278840449	-0.0226671113	-0.0028313958	-0.0158951987	0.0820734737	0.0415136422	-0.0571494438	0.1179419909	0.1069021359	-0.0998438997	-0.0152749809	0.0890893575	-0.1019815281	0.0131978544	-0.0510456552	0.0367565114	-0.0502298523	-0.0100164816	0.0531034893	0.0139606032	0.0437091617	0.1063481167	-0.0059722484	-0.0431197761	-0.0753246319	0.0025685021	0.0255136037	-0.0095511095	-0.0371475331	0.136286395	-0.0238453379	0.0566416522	-0.095728993	0.1072998385	-0.005385519	0.0500908231	-0.0632023727	-0.0439948483	0.0102252387	-0.0282652412	0.0012792222	-0.1624951661	-0.098331673	-0.0507777173	-0.0524238101	-0.0111571309	0.0222213837	-0.0732292817	-0.1007921105	0.0991502152	-0.0501936401	-0.0616947518	-0.135251836	0.0385356598	0.0647036786	-0.0058190936	-0.0466650018	0.0154504078	0.0512857487	-0.023511365	0.1005758635	-0.0110387016	0.0054733162	0.0204483106	-0.0492226803	-0.1231183943	-0.0488371025	0.1726741391	-0.058867948	-0.1132303222	0.0239379733	0.046041985	-0.01466008	-0.0377011957	0.0076803085	-0.08105195	0.0303675507	0.0288510684	0.1068092225	0.11622665	-0.0151685301	-0.0855303677	-0.0635263446	-0.0426742529	-0.0181351468	-0.0525297977	0.0152474669	-0.0123906583	0.0261642379	-0.0946302449	-0.0113734769	-0.0548195486	0.052829422	-0.0172937161	-0.0022083646	0.0170641782	-0.094387335	0.1042938702	0.0996631912	0.0910271406	0.0771837238	0.0589248775	-0.0247054	-7.999999999987184e-07	0.00061035678916	6.399999999979494e-13	0.00478013	-1.9410000000000087e-05	2.28496428169e-05	3.7674810000000334e-10	-0.0286624	-8.400000000002156e-06	7.05600000000362e-11	0.00082153317376	-2.52179e-05	0.0002794211	7.807615112521e-08	6.3594248041e-10	0.000311699	0.000194063	9.715626660100001e-08	3.7660447969000015e-08	-0.000469817	-0.0002327259999999	5.416139107599999e-08	2.2072801348900002e-07	0.0
274.8815765459424	0.2387135245569425	0.0569841468063979	75559.88112438278	392.16896063077394	0.4716554467765377	153796.4936822215	0.2224588604739754	287.46315790501694	0.0409841098880292	82635.0671527247	0.001679697263314	298.47689012778915	243.7912337093999	0.981753	19.1465	0.050009685	0.0372727	0.0933390633	-0.0158026215	-0.0699136377	0.1484297759	-0.0471776761	-0.0307329044	-0.0303882733	-0.009052871	-0.0600168067	-0.0086385266	0.0043704305	-0.1744254195	0.108600391	0.0301631345	-0.1360767776	0.0336556448	-0.0103993431	-0.1399494552	-0.1434025204	0.0314162115	0.0225177664	-0.0290026437	0.018699333	-0.0314503592	-0.0302993742	0.0077253374	-0.0605271463	0.0790331764	0.0192595924	-0.1071446716	0.0322403915	-0.0310902606	-0.021486011	-0.1057213086	-0.0388766676	-0.0086758265	0.1125819968	-0.1677288217	0.0290753539	0.0128816408	0.0197093663	0.0281601231	-0.1137733329	-0.0273837994	0.0305732391	-0.0409083058	-0.1325297995	-0.0637899655	-0.0214711559	-0.0109034298	0.0126661038	0.0563681282	-0.1090164898	0.02398199	0.0643047231	-0.1741561629	-0.0704074454	0.0197397978	-0.0158013382	-0.1061469058	0.0248325629	0.0223633116	0.0570309981	0.0820019422	0.1164291001	0.0255539902	-0.1181947963	0.075765186	0.0574601173	0.0643374434	0.0052235335	-0.0708618418	-0.0060923675	-0.0183633701	-0.0083404314	0.1032742223	-0.0153680281	-0.0709711019	0.1313996483	-0.058338267	0.0646383	0.0712939851	0.0390616039	-0.0047578929	0.1579455608	-0.0881491706	-0.0922635837	0.0411988185	0.0923804097	-0.0052294681	0.0475835399	0.0182929971	0.0335861439	0.0381942935	0.0681721908	-0.0320720885	0.1105245392	-0.0047930838	0.0336579026	-0.1506166909	-0.1038425514	-0.1052305768	0.000869891	-0.0853960635	-0.0229982331	0.0586605443	-0.0970943319	0.1237117404	-0.053785061	-0.0532201541	0.0449072916	0.0531647062	-0.0146406834	0.1345001826	0.0853812429	-0.1576924406	0.0965025178	-0.0867028173	0.0288787408	-0.1265186995	-0.0181808274	0.0182179933	-0.094508719	0.0680810862	-0.1362005918	-0.0037296394	-0.0017473464	-0.0541140443	-0.1353778267	-0.0411136544	0.0952530055	-0.0630156947	0.080134262	-0.0351010226	0.0061606377	0.0328762599	-0.0965992402	-0.0405465305	0.0107631351	0.0384970696	0.0060672602	-0.0179486954	0.0821662253	0.015152946	-0.0099773198	-0.0426263587	-0.0943117914	-0.1464134881	0.0086463268	-0.0424311353	-0.0795138486	0.0797469734	-0.0194127867	0.0221426171	0.0055503557	0.109694369	-0.0399172334	0.1260262622	0.0526035186	-0.0785482382	0.0853481937	0.0084151656	-0.1133660792	-0.004013578	0.0060694828	0.0812305674	0.1295200988	0.0368503701	-0.0720128106	-0.0344180965	-0.0885465017	-0.0003060784	-0.1087203433	0.0197488833	0.0029998315	0.0247199071	-0.1046060757	0.0130228626	0.0097785494	0.0672244294	0.0072894102	0.0021144829	0.027023138	-0.0871519462	0.01061317	0.0992467484	0.0894123968	0.0737372065	0.0532451548	-0.0247033	2.099999999997937e-06	0.00061025303089	4.409999999991335e-12	0.00480931	2.9180000000000175e-05	2.31294626761e-05	8.514724000000103e-10	-0.0286508	1.16000000000005e-05	1.3456000000001158e-10	0.00082086834064	-0.000668772	-0.0006435541	4.1416187962681e-07	4.47255987984e-07	0.000276407	-3.529200000000003e-05	7.6400829649e-08	1.245525264000002e-09	-0.000149327	0.00032049	1.027138401e-07	2.2298552929e-08	0.0
275.05067502513884	0.1690984791964638	0.0285942956665569	75652.87383178454	393.1313673918468	0.9624067610728844	154552.27202738324	0.9262267737588	287.60006483332575	0.1369069283088038	82713.79729213317	0.0187435070189519	298.7536919342718	247.5121767249573	1.062955	20.730122	0.037750425	0.0237721	0.0586308796	-0.0766651416	-0.0393701361	0.14800438	-0.0231001212	-0.0265056299	-0.0919647442	0.0207092325	-0.0344737311	0.0146648305	0.0603329275	-0.148388322	-0.0620727164	0.0078381041	-0.0431838785	0.1043083158	-0.0220971406	0.0310349812	-0.1577397185	0.0704393374	0.0754949087	-0.1676705674	0.071122046	0.0777346538	0.0146234952	0.0613923754	0.0049569002	-0.0874404849	-0.0023859378	-0.0032313339	-0.0416420625	-0.0438150114	0.0049366025	-0.0141325234	-0.0021604614	0.0310946279	0.0173819359	-0.0566922352	-0.0105066412	-0.0028967696	-0.0663150363	0.0339266958	0.0121247209	0.0221614729	-0.023357348	-0.07840143	-0.1157790616	-0.1438258007	-0.0576635355	-0.1864253277	0.113461624	-0.0710844059	0.0223683555	0.0091168655	-0.1251569077	0.1290061654	-0.0251692294	0.0316837643	0.1707596415	-0.0818256555	-0.0728018499	0.0192770059	0.0034530673	0.0276536552	-0.0134636293	-0.1357236325	-0.08430213	-0.0632670854	-0.0197780047	0.0563655714	0.101238271	0.0637938473	-0.0153664439	-0.0465535713	0.0158808468	-0.0205454325	0.0460748935	0.0787124248	0.0821338562	0.0130767399	-0.1123872915	-0.045631892	-0.030471684	-0.1035573409	-0.0210228992	-0.0668929251	-0.1253413991	-0.0817909715	0.063629834	0.0059449366	-0.0110908388	0.0452178899	-0.0356043647	-0.0579629398	0.0463222466	0.053777553	-0.0220369388	-0.0223713163	0.0245598028	-0.1044197226	0.0291470888	-0.0874211281	0.0763378783	0.0527815957	0.0177066792	0.1277168604	-0.024323076	0.1008812471	0.0136979329	-0.0193072417	0.1568485709	-0.0760155572	-0.0255876132	-0.017711902	0.0889776318	0.0555696318	-0.0088620923	-0.0635947592	0.0092794094	-0.1078513342	-0.007780675	0.1938371966	-0.0464820778	0.0517537213	0.0458200567	0.0696621469	-0.0084709142	-0.0286917422	0.1161487143	-0.016879485	0.1107034298	-0.1095520146	-0.0315342345	0.110536099	0.1198021477	-0.0486579821	0.1120923505	0.0044972631	0.0648388267	0.0388015593	-0.0173626729	-0.1459059877	-0.1644779051	0.0123955577	-0.0230433554	0.0539798462	-0.0101033686	0.0664589922	0.0417491178	0.0557101257	0.090625947	0.0946601055	-0.0225363498	-0.0807736317	0.0487694414	-0.0535317474	-0.0014246902	0.0333181994	-0.0405473501	-0.1013144712	-0.1106604627	0.0193261112	-0.0428031694	0.0879210371	-0.0136378006	0.0999896803	0.1066055506	-0.0208310623	0.0052297192	0.0291938586	-0.0616508937	0.0607999328	-0.0655939624	-0.0340130777	0.0719342406	0.1314979928	0.0413170097	0.0699815059	-0.0571873754	-0.0135052136	0.0203519971	0.0370971373	-0.0497759129	-0.2165148598	0.0871757595	0.0988031726	0.0876998819	0.0701092912	0.0473326046	-0.0247352	-3.18999999999979e-05	0.0006118301190399	1.0176099999998662e-09	-0.00949332	-0.01430263	9.01231246224e-05	0.0002045652249169	-0.0103504	0.0183004	0.00033490464016	0.0001071307801599	-0.000668772	0.0	0.0	4.47255987984e-07	0.000286948	1.054099999999998e-05	8.233915470399998e-08	1.1111268099999956e-10	-5.75581e-05	9.17689e-05	8.421531007209998e-09	3.31293487561e-09	0.0
275.16140170892135	0.1107266837825022	0.0122603985014702	75713.79699041838	392.7598924439533	-0.3714749478935459	154260.33311258574	0.1379936369125126	287.73390675025337	0.1338419169276221	82790.8010937635	0.0179136587268605	298.758078246669	246.6521136529865	1.028345	20.055147	0.0758494049999999	0.0376297	0.0070081005	-0.1098679018	-0.0077697252	0.0819488969	-0.0334716089	0.0071512722	-0.0715249827	-0.020486276	0.0245209507	-0.0222010936	0.0880786065	-0.1172792152	-0.0281475964	0.1107506897	-0.0610237306	0.0634281815	0.0263004854	0.0445222305	-0.055340609	0.0472919587	0.0449451639	-0.1291798366	0.0271507674	0.1532514612	-0.1072896914	0.0242500607	-0.0368854957	0.1207613299	-0.1185561615	-0.0483383688	0.0449839435	-0.019164268	-0.0211378273	0.044207817	0.011693727	0.0773769315	-0.0263617494	0.0207722893	0.0807862495	0.1200655427	0.0557851508	0.0664261735	0.0466079054	0.0223462385	-0.047125901	0.0342965112	0.0304280275	-0.1329503359	0.0613801914	0.0176112029	0.1117711763	-0.0893631877	0.0226477407	-0.0672549907	0.1347725637	0.0226089299	0.0251573544	-0.1388184746	0.0264051452	0.0074381525	0.1426259326	-0.1296869052	-0.1006344399	-0.0300509231	0.0165082663	0.0942144851	-0.0333986538	-0.0134057609	-0.0515741626	-0.1105718952	0.0528557062	0.0272511492	-0.1188146585	0.0949514728	0.0077151498	0.0274365864	0.0793152739	-0.0221252142	-0.07742178	-0.0825955678	-0.0159982513	-0.0130904703	0.0080750299	0.0047004676	-0.0165462404	-0.0664937622	0.0330036156	0.0530452528	-0.0389420784	0.003521749	0.0443860088	-0.0943967662	-0.071758595	-0.0015716759	-0.03968158	0.0045886459	-0.0227956114	-0.0749508979	-0.025267599	-0.100660235	0.0133610131	-0.060562896	0.0883700193	-0.0171093868	0.027037439	-0.008972573	-0.0378108786	-0.0275384321	0.0419168529	0.0369471913	0.0277074911	-0.0653118309	0.0094752744	-0.0063197941	0.0307135586	0.1051302629	-0.182486239	-0.1225588192	0.1166540051	-0.0273583922	-0.1148961489	0.0086962926	0.148242527	-0.1143387109	-0.040232499	-0.0515163275	0.0200338986	0.0506634356	0.0149505657	-0.0676550286	0.0080856094	-0.2037457939	0.0549751685	0.0050579694	0.0163033686	-0.0393177968	0.0530858513	0.0116454058	-0.0521010933	-0.0243412355	0.0354114174	0.0865440904	0.0059787122	0.0205004377	0.0193257146	-0.0210008818	0.0024725649	0.0008221247	0.1101374161	-0.0564740165	-0.0713315369	-0.06748883	-0.0056125814	-0.1492421525	-0.0647128054	0.022452005	0.1134857044	-0.0648053986	0.064813183	0.0699656843	0.0071602399	-0.0037580489	-0.071378447	-0.0119034761	-0.0765097012	0.0686738857	0.0701612175	-0.0568278525	0.0091893603	0.0812137496	-0.0364975171	0.0476516885	-0.1210508865	-0.0170998718	0.0128244528	0.0820478744	0.0998118604	0.0224527976	0.0311306741	-0.0111478738	0.057536939	-0.0426016916	0.0830316882	-0.0492600016	-0.0489906009	0.0983325849	0.0858914684	0.0663089027	0.041213081	-0.0119647	0.0127704999999999	0.00014315404609	0.0001630856702499	-0.0198216	-0.01032828	0.00039289582656	0.0001066733677584	-0.0286331	-0.0182827	0.00033425711929	0.00081985441561	-0.000439075	0.000229697	5.276071180900001e-08	1.92786855625e-07	-0.000167302	-0.00045425	2.7989959204000002e-08	2.063430625e-07	-6.29696e-05	-5.411500000000001e-06	2.9284332250000006e-11	3.96517052416e-09	0.0
275.3565809090985	0.195179200177165	0.0380949201817978	75821.24664994891	392.2361913974663	-0.5237010464869627	153849.2298419898	0.2742627860915398	288.1155886358103	0.3816818855569295	83010.59241495946	0.145681061762293	298.912030621137	245.80821773601625	0.996444	19.432997	0.0479454399999999	0.0331613	-0.0169656865	-0.1041303696	0.0500892476	0.0288701014	-0.0687794145	-0.0104719556	-0.1534163217	-0.0411308243	0.1077395693	0.0129759924	0.0177686963	-0.0316052991	-0.0258723578	0.1508548483	-0.0858949205	0.0169536351	-0.0111519426	-0.1604237592	-0.0657288721	-0.000534432	0.0335927565	0.0434979897	0.009621482	0.1765001488	-0.1331943827	0.0070738043	0.0042189482	0.0907967376	-0.0836566268	-0.09410837	0.0333487628	-0.046985402	-0.1792949381	-0.0767136574	0.1368498577	0.0864524533	0.0380031338	-0.0090210755	0.1198104676	0.0348709625	-0.0354587048	0.062203942	0.006663773	0.0211068146	-0.0292734396	-0.010401507	0.1286868424	-0.1418269916	0.0012562833	0.1059335858	-0.0359240738	-0.0719928322	0.1617095839	0.056160191	-0.0871541508	-0.0310257915	-0.0349139745	0.0189675679	-0.0443556522	-0.0350883964	0.1617482469	-0.0955024834	-0.0563817929	0.032679784	0.0142155827	0.0078115683	0.0015253339	-0.0760986614	0.0134113075	0.0653157674	-0.1964451438	-0.0292732928	-0.1056034905	-0.0913957442	-0.0400771191	0.0155993102	-0.1198344867	-0.0265748076	0.032051126	0.0192485321	0.0316366065	-0.0557276476	0.0135453794	0.0271300249	-0.0029876144	-0.0735588362	0.007136887	-0.0265897088	-0.0104235148	-0.1011195011	-0.0363512261	0.0131519963	0.0350668137	0.0480221832	0.076722204	0.0123337239	0.1201254065	-0.0497526039	-0.1202063515	-0.0848298541	-0.0606078728	-0.063690737	0.0715741193	0.0941812803	0.013465198	0.0459505992	0.0421044202	-0.0264658817	0.0440442523	0.1694162566	-0.0416726519	0.0607654165	-0.04253139	-0.0092875427	0.0346389332	0.0830744341	0.0188257428	0.0030321485	0.1530058027	0.0836375454	0.0048783539	-0.0122998516	0.0179066961	-0.046404512	-0.1012651426	0.026665285	-0.0135856039	-0.0957937085	0.0060071948	-0.0568328942	-0.0372935555	-0.088725689	-0.0202751197	0.0781932651	-0.048269003	0.0765489936	0.0200749865	0.0891476569	-0.1456763847	0.0566132297	-0.0926244856	-0.0090401884	0.1162410902	-0.0362115805	-0.1136898403	-0.0840458495	0.0311153289	-0.0889471809	-0.0267786883	-0.0676806484	0.0197380794	0.1044579065	-0.0158863499	0.0060733776	0.0755098494	-0.0701618475	-0.1045463473	-0.0891176875	0.0531632348	-0.1194188822	-0.0416871446	-0.0080453911	-0.0561935506	0.0147310489	-0.1051483533	0.0507115815	0.044335274	-0.0009709412	0.101521335	0.0785074854	-0.0212209916	0.0225030339	-0.0840636033	-0.011196555	-0.0338607417	0.0238561329	-0.0213971169	-0.0126970462	0.0827824525	0.0629332235	0.115829972	-0.1065520104	0.0856989975	-0.0511566429	0.0360685109	0.0978351141	0.0839891338	0.0623453902	0.034913343	-0.00227388	0.00969082	5.170530254399999e-06	9.39119922724e-05	0.0113694	0.031191	0.00012926325636	0.000972878481	-0.0286377	-4.599999999996968e-06	2.1159999999972103e-11	0.0008201178612899	-0.000423382	1.5693e-05	2.46270249e-10	1.79252317924e-07	-0.000167302	0.0	2.7989959204000002e-08	0.0	-0.000188457	-0.0001254874	1.574708755876e-08	3.5516040849e-08	0.0
275.5929296500237	0.2363487409251661	0.0558607273369112	75951.4628730829	392.89214900788585	0.6559576104195344	154364.24075203476	0.4302803866673056	288.0664095559153	-0.0491790798949978	82982.25631443632	0.0024185818993185	298.9200776413472	248.62547593516507	1.000685	19.515715	0.056906676	0.0340967	-0.070960433	-0.0979357519	0.0744961987	0.0141629748	-0.0314331614	-0.0060651195	-0.081221563	0.0178438513	0.1026470824	0.0193617065	0.0039314571	0.0179545353	-0.0838439988	0.103563561	-0.0153303991	-0.0089606339	0.0370612652	-0.0409062168	-0.0108613302	0.0524444537	0.0550452665	-0.0552320036	0.167954639	0.0965437471	-0.0146090303	-0.0522829088	-0.0565561017	-0.0327865911	0.0175246725	-0.0987362956	0.0317050923	0.0074675836	0.1200792448	-0.0041865305	-0.0258301727	0.107571651	0.0210378339	0.0514199861	0.0036183416	-0.0265933243	0.0592883178	0.038267833	0.0229644725	0.013660333	0.0258826071	-0.0494793752	0.0529584354	0.0315276078	-0.046390839	-0.0530709004	0.0782591216	0.0780109545	-0.1232027189	0.0712256618	0.0214009812	0.0592824763	-0.0839945607	0.1250817778	-0.0056663136	-0.1468370745	-0.0716167758	-0.0236357936	-0.1148281607	-0.0011415294	-0.0544335854	0.0020074351	0.0503240455	-0.0773220296	0.1342586827	-0.02283937	0.067620722	0.056736641	0.0585381279	0.0251044622	-0.0971253421	0.1049481225	0.0469190114	0.1488127078	0.0227375704	0.1159734647	-0.0088768452	0.0292817012	-0.0290557873	0.0293379147	0.0853925546	-0.00904223	0.1826618132	0.0760790608	-0.0359070942	0.0246777083	-0.036643878	-0.0139354101	-0.0398418355	0.0682516462	-0.0581666907	0.0727145278	0.0791430595	-0.0697055664	-0.0893878331	-0.0256980935	-0.0054441472	0.0520493057	0.1058358872	-0.0166216535	0.0443560563	0.084689893	0.0269303251	-0.0035441052	-0.0267602984	0.0471500264	0.046120378	0.0934925873	0.0404393957	0.0072476403	-0.0636722791	0.0259546119	0.0114484728	0.0596347929	0.0930024	-0.1267420298	-0.0838678602	0.0737778351	0.0777574104	0.0873313421	-0.0324558627	0.0813786959	0.0973857093	-0.094848149	0.0433776065	0.047128681	-0.0290011445	0.1651499245	-0.1282779405	-0.0436557869	-0.0610811345	0.0471268445	0.0522869664	-0.0444753663	0.070216766	-0.1492377028	0.042362821	0.0234102968	0.0006272661	0.0134227907	-0.0262570092	0.0534642839	-0.0282064841	-0.0069422236	-0.0026871604	0.0912764195	0.0592489073	-0.0469463144	0.0070829274	0.0907135108	-0.0378976749	0.1157060287	0.079264372	0.0624527629	0.0087751395	0.0727533459	0.0366494783	-0.0160749777	-0.0218960223	0.0433398594	-0.1175330021	0.0423147905	0.0181988211	-0.11662305	0.0601907998	0.0449844795	-0.0279400797	0.0057996188	-0.1064216155	0.0066155832	0.0120418575	0.1160533774	0.0138726448	0.0126910831	0.118972966	0.0092336721	0.0934308373	-0.0244628171	0.0276190908	0.0137932966	0.0786357494	0.0973108962	0.0819949584	0.0582285042	0.0284609379	0.000760846	0.0030347259999999	5.78886635716e-07	9.209561895075998e-06	-0.0104071	-0.0217765	0.00010830773041	0.00047421595225	-0.0286298	7.899999999998186e-06	6.240999999997134e-11	0.00081966544804	-0.000668772	-0.00024539	6.02162521e-08	4.47255987984e-07	-0.000167302	0.0	2.7989959204000002e-08	0.0	0.000207904	0.000396361	1.5710204232100004e-07	4.3224073216e-08	0.0
275.7320357113304	0.1391060613067338	0.0193504962922728	76028.15551751439	392.61598698480185	-0.276162023083998	154147.3132360501	0.0762654629938466	288.11258844340097	0.0461788874856665	83008.86361955655	0.0021324896494138	298.96703275602613	250.08538317575272	0.993703	19.379555	0.0109368159999999	0.00704219	-0.0818283219	-0.0885336836	0.0911602194	0.0568375628	-0.0111166811	0.0072993335	-0.0641821596	-0.0551034849	0.1284868608	0.0124316216	-0.016704813	-0.0037636688	0.0405284842	0.128169459	-0.083150742	-0.0238172528	0.025168925	-0.1194474594	-0.076533591	-0.0259159819	0.027275936	-0.0140527812	0.0035419968	-0.0474637264	0.041381689	-0.0510509016	0.0546576322	0.0426923555	-0.0237484343	-0.0156443966	-0.1412666537	0.0600339694	-0.0598985847	-0.0795340624	0.0108596207	0.0942672441	0.112353829	0.0144964368	0.0015704641	-0.018982626	0.0735332909	-0.0279520321	0.0206629272	-0.0396765961	-0.0112136332	-0.0775115786	-0.0180890027	-0.0172623284	0.1179481512	0.0023371924	0.0875366533	0.0400300517	0.0126167501	-0.0091179216	0.0514900548	0.0046062863	-0.0772973335	-0.0195778807	-0.076451641	0.1217685071	-0.0237289146	0.0885004426	0.0017611311	0.0269992512	-0.0715883368	0.0619419075	-0.0478441636	0.0532349404	0.0184581489	0.0519061055	-0.0499271849	-0.1076663892	-0.0269625369	0.1280581846	-0.0810532083	0.0008627532	-0.022232977	-0.0478362017	0.0586121853	0.1329880008	-0.1515025164	-0.0826435738	0.0648656765	0.1327048917	-0.066140057	0.1086189071	0.0296356946	-0.0852725435	0.0848851696	-0.0072504101	0.1119238607	-0.0050760887	0.1233756194	-0.0597605214	-0.0095833252	0.1041314435	0.0086843028	-0.0538584929	-0.1476376498	-0.0924453439	-0.0471642161	0.0673029881	0.0215113232	-0.0239892041	-0.0024732133	-0.0094467305	-0.0361501363	0.0430020583	0.05755401	0.0112497644	-0.0292477529	-0.0412599139	-0.0411106291	0.0577206623	-0.0213139527	-0.0274494784	0.0242251824	-0.0360677827	0.0656821836	-0.0023734785	-0.1080078074	-0.0735399113	-0.0326165873	-0.0548034591	-0.0241235162	-0.0034289676	0.1599888453	0.1115887522	-0.0705951367	-0.0070226538	-0.0128708931	0.1449787424	-0.00287478	0.0349912972	0.0543782774	-0.0802030298	0.1095505459	0.0073977385	-0.1047516835	0.1052608306	0.1991968141	0.0042665883	0.0311810704	0.0760067717	-0.1124358465	-0.01107586	0.0223233523	-0.0446494427	-0.0253094555	0.124371531	-0.0757062894	-0.0477175446	0.007535337	0.0480689873	-0.111036829	-0.1607555967	0.1191438886	-0.1150731481	0.0746741706	0.0059746882	0.0093682282	-0.0087320664	-0.0929033475	-0.0482906833	-0.1311593525	0.0162047712	-0.0085157063	-0.0893507657	0.0994470606	0.0147855554	-0.015594799	0.0126490612	-0.121843515	0.0082885979	0.0005382877	0.0541045615	-0.0279959199	-0.0211751768	0.1048257914	0.0555515296	0.0055627676	0.0143163159	0.0366667105	0.0720056414	0.0475254831	0.0967600744	0.0799111227	0.0539683725	0.0218840804	-0.00517288	-0.005933726	2.6758687494400005e-05	3.5209104243076005e-05	-0.00795146	0.00245564	6.32257161316e-05	6.030167809600002e-06	-0.0286314	-1.6000000000009065e-06	2.5600000000028996e-12	0.00081975706596	-0.000617855	5.091699999999993e-05	2.592540888999993e-09	3.817448010250001e-07	-0.000167302	0.0	2.7989959204000002e-08	0.0	0.000207904	0.0	0.0	4.3224073216e-08	0.0
275.692805240522	-0.0392304708084338	0.0015390298398513	76006.52286138838	392.9815958818887	0.3656088970868723	154434.5347018761	0.1336698656290791	287.7101644868659	-0.402423956535074	82777.13874905942	0.1619450407933431	298.6854851033432	248.11014786951915	1.043775	20.356068	0.087865165	0.0458427	-0.1109062324	-0.0887585361	0.1337687141	0.0174431968	-0.0271882844	-0.0747480088	-0.0860490855	0.0661066963	0.1331831345	0.011086608	0.0106585505	-0.0296755439	-0.0537962731	0.0722361717	-0.0478791371	-0.0984816677	0.068377305	-0.0662137203	-0.0608323634	-0.0121785163	0.0888579069	-0.0025080551	-0.1032027401	-0.0548719787	-0.0257239536	0.0359618769	-0.0784783857	0.0246214957	-0.0384999789	0.006961336	0.0212421674	0.1596685405	0.0235840305	0.0438269073	0.1487861262	0.0781887636	0.0691413651	-0.0194771739	0.0231520034	0.0463652586	-0.0575058064	-0.0508579238	-0.1048949681	-0.0794221392	0.0029542347	0.0073731112	0.0265719378	-0.0530968572	-0.0469897789	-0.0974236241	-0.021764178	0.023649075	-0.0236027158	-0.0302684784	-0.0176235083	-0.0354442843	0.0657658836	0.0812500938	-0.0261530484	0.0358381933	0.0161491081	0.1696169372	-0.049043712	0.0309389919	0.0251673789	0.1202389137	0.0692118399	-0.0426554803	0.0466634035	0.1570073982	-0.077976101	0.0248073724	-0.015600304	-0.0536318568	0.1330354326	0.0064441632	0.0678082935	0.0689549435	-0.0528302557	-0.0549444424	0.0296227822	-0.0851141726	-0.0876498275	-0.0062493975	-0.0697800862	0.0514309775	-0.157426569	0.1003142557	0.008652781	0.015694558	0.0862748286	0.0320229269	-0.070992675	0.0142631621	0.0235325976	-0.0736795476	-0.0734291774	-0.0322097692	-0.0830421846	-0.0408927534	-0.0104109664	0.0152473498	0.1005313382	0.0699557668	-0.0388520974	-0.0244137737	0.0050180865	0.1203692618	-0.0614531973	-0.0314101242	0.0010078433	0.0476525319	-0.0951211647	-0.0005257542	-0.0661357554	-0.0965810705	0.0314067002	0.0352100747	-0.0703251974	-0.0148961552	0.0337193811	0.0458796233	-0.0728639693	0.0157709621	-0.045041965	0.0406598415	0.0067057443	0.0413675962	0.0320893045	0.1799279445	-0.0462713948	-0.0716493978	0.0434579703	0.0618362671	0.0571879224	-0.0349063773	-0.0383910541	0.0360112584	-0.1425666416	0.0567908301	-0.0983718248	0.1696099295	-0.0103456499	-0.0523248565	-0.079852414	0.0710145365	-0.0054893623	0.0895412145	0.051509819	0.0011341352	-0.0357087812	0.0982003149	0.1478143245	-0.0726367075	0.0288223438	-0.0569043365	-0.002147917	-0.0770500097	-0.0265139937	0.0497693251	-0.0878908222	-0.002616177	-0.0203095301	0.1150870281	-0.1141546755	-0.0038375834	-0.0600377091	-0.017158817	0.1245421041	-0.0348056618	-0.0015095738	-0.0126623313	-0.0888450361	0.0296936871	0.1629015768	0.1853222757	-0.0194175281	0.0302725456	0.0846543839	0.0173181969	-0.0499773219	0.1305577103	-0.0767960753	-0.0378511436	0.0978944166	0.0961827994	0.0777399053	0.0495754752	0.0152115293	-0.0017137	0.00345918	2.9367676900000003e-06	1.19659262724e-05	0.019059	0.02701046	0.0003632454809999	0.0007295649494116	-0.00464882	0.02398258	0.0005751641434564	2.16115273924e-05	-0.001097	-0.000479145	2.2957993102500005e-07	1.2034090000000002e-06	2.18119e-05	0.0001891139	4.7575898161e-10	3.5764067173210006e-08	0.000207904	0.0	0.0	4.3224073216e-08	0.0
275.61426402522585	-0.0785412152961271	0.0061687225001925	75963.22253416691	392.735512970388	-0.2460829115007072	154241.1831481138	0.0605567993326649	287.750833761748	0.0406692748821342	82800.54233058114	0.0016539899194385	298.72420362544307	249.6645771047397	1.026177	20.012861	0.11532176	0.0571942	-0.0991551553	-0.08270717	0.0966242116	-0.0010352978	-0.0137176133	0.007066282	0.0126745681	-0.0248383707	0.1006832889	0.0095958067	0.0038756368	-0.0374855865	-0.0746651424	0.1148015204	-0.0150425615	-0.0577613514	0.0618681062	0.1034018323	-0.0831418695	0.0062839124	0.0433875048	-0.0444915145	0.0677990421	-0.0214941886	0.0694653118	0.0159571927	-0.0967613674	-0.0445117062	0.158117753	-0.1104704578	0.0708786311	-0.0893136876	0.0801567915	-0.0401060975	-0.0629732284	0.0564888179	0.1285132025	0.0759157444	0.0630890063	0.1214700695	0.0890608195	0.0049474432	0.0966090561	0.0010835181	-0.1571677502	0.0441783342	-0.0530401463	-0.0365027977	0.0189189035	-0.0044600282	0.0539444028	-0.0032726669	-0.0425535563	0.1003378177	-0.008477665	-0.0378282584	-0.1113289429	0.0114937715	0.0511658099	0.0547683469	-0.1454407373	0.014934485	0.006562562	-0.1147913247	-0.0438998598	0.0079051386	-0.0618970173	0.0818357447	0.0445955447	0.20024919	0.0103425375	0.0534931709	0.0143794096	-0.0948091646	-0.0602752023	-0.1399437957	-0.0007165425	0.0426523173	-0.1003319443	-0.1191927406	0.008894568	0.0032299386	-0.0859749791	0.1633669106	0.0042365864	-0.0400717582	0.0408651868	0.0123471105	0.0060988911	-0.0084555631	-0.1486650497	-0.0905286161	0.0419460937	0.012007193	0.1533735047	-0.1183012044	0.0816468097	-0.0441163643	-0.1229915022	-0.0175338747	-0.0428094475	0.0071352071	0.1110109449	-0.1084085498	0.1443402096	0.02121268	0.0679082648	-0.041852787	0.0443987801	-0.1062482387	-0.0235845032	-0.0585789172	0.050015493	-0.0755899224	0.0337897036	-0.0432308431	-0.0100108826	-0.023780597	0.0921130071	-0.1020312958	-0.0451757155	0.0726542375	-0.0189400045	0.0284676806	0.1244423316	0.0582458261	-0.0251604137	-0.0214643869	-0.1226014467	0.0666186766	-0.1052229611	0.1216514915	0.0996074255	-0.0294569235	-0.0119339073	0.1230650233	0.0008768244	0.0313634834	0.0908539301	0.0305719951	0.0339188051	0.0460156173	-0.0025693407	0.0170722733	0.0306893217	-0.0288293024	0.0106074992	0.0786951736	0.0140396271	-0.1527119785	0.1831719649	-0.05133056	0.0030296332	0.0109291053	0.0301241455	0.1144503959	0.0385452313	-0.1020671327	0.0786458381	-0.1149005441	0.0114640268	-0.0198277135	-0.0620012515	-0.0192477068	-0.0975185985	0.0522637684	-0.0653295608	-0.1057691462	0.1025319283	-0.0268238327	0.0179334809	-0.0226230941	-0.094258711	0.0608874144	0.0750175968	0.0334755802	-0.055613075	0.050960639	0.0602085405	-0.0218310344	-0.102579585	0.0687026689	-0.070098209	-0.0210198326	-0.021136274	0.0955792289	0.0754836805	0.0450606192	0.0084724621	-0.014133	-0.0124193	0.0001997416889999	0.00015423901249	-0.0178152	-0.0368741999999999	0.00031738135104	0.0013597066256399	-0.0161088	-0.01145998	0.0001313311416004	0.00025949343744	-0.000312598	0.000784402	6.152864976040002e-07	9.771750960400001e-08	-0.000173187	-0.0001949989	2.9993736969e-08	3.8024571001210003e-08	9.59393e-05	-0.0001119647	1.2536094046089998e-08	9.20434928449e-09	0.0
275.6944534828697	0.0801894576438257	0.0064303491172109	76007.4316812182	391.4638280412515	-1.2716849291365406	153243.92866471052	1.6171825589930084	287.84730291150254	0.0964691497545118	82856.0697934263	0.0093062968543584	298.6772223628512	248.2294134977201	0.996727	19.438522	0.1244008649999999	0.0614673	-0.1022323881	-0.0732414303	0.0903757078	0.002171961	-0.0671699269	0.0040211665	-0.0667583922	-0.0259673749	0.1165515212	0.0497889805	-0.0668204604	-0.0415503296	-0.0088152765	0.160535001	-0.0490775498	0.0618951226	-0.015164286	-0.0111941544	-0.0691772422	-0.0468183278	-0.050312138	0.0150261772	-0.0021122795	-0.0266715726	0.1291675666	-0.0225308666	-0.0900424082	-0.1129445994	0.0311560695	-0.0763626671	-0.0534407416	0.0586128455	-0.0195124631	-0.0359904799	-0.0311353541	0.0219882102	0.061237735	0.0202545982	0.0432701488	0.0832175698	0.024942622	0.044639922	-0.0612020748	0.018713089	-0.0282794262	-0.0849791445	0.0265183027	0.100818926	-0.0618722298	0.0784971065	-0.0731491826	0.0211050318	0.0914161687	0.1491208148	-0.1265728212	0.1568888685	0.0408529253	0.0128685823	0.128762346	0.0470305601	-0.0374191644	0.1030274223	-0.053971343	-0.0093428795	0.0545495151	0.0561723463	-0.0280197186	-0.0776460586	0.0813683426	0.0617290055	0.0233947254	0.0328302872	-0.1298330256	0.1381943801	0.070007189	-0.0383182186	0.0373815702	-0.0048438002	-0.0077703379	-0.01402039	0.0262098921	0.0877223801	-0.0582459358	-0.1007872159	0.0514845856	0.170994817	-0.06245642	-0.0985627143	-0.1503244632	-0.0713023272	-0.022870176	-0.0285917653	0.0488525271	-0.02691467	0.0888155715	-0.110888476	0.0084991494	-0.0400036876	-0.1142579253	-0.0079264091	-0.0856934267	-0.0027095685	0.0645341891	-0.0482323594	0.0201608579	0.0064291307	-0.0179891616	0.0219574396	0.0194491498	0.020491103	0.0201487566	0.1307882934	0.1879319302	-0.0332598591	0.0765454966	0.0375185111	-0.0398024083	0.0298033444	-0.0099991694	0.0905142584	0.1383447124	0.15848861	-0.0089169362	0.062756618	0.0262586928	0.1421675776	0.0345395364	0.1686061417	0.0477979666	0.0800616967	-0.1177117887	0.0393089182	0.0472332029	0.0783608432	-0.0663584513	-0.0813728201	0.0191011184	0.000758094	0.0090146135	-0.0917898909	-0.0666114898	0.0444479322	-0.0012327172	0.0428133956	-0.0163975012	0.0752274573	-0.064449799	0.0802573454	-0.0175653202	-0.1140812546	0.0974146575	-0.0817489097	-0.0487986179	0.0902326542	-0.0410523259	0.0106387657	0.0844197534	-0.106722819	-0.0722462151	-0.0072344875	-0.0536550349	-0.0393210349	-0.0702641343	-0.0046939528	-0.1175530773	0.0122687353	-0.0699421075	0.0257318065	0.1484253984	-0.0363124271	-0.0071483757	-0.077635563	-0.0172804529	-0.0192999655	0.1391384613	-0.0411069931	-0.0903402634	0.0264053303	0.1056548014	-0.0039420003	-0.0385288623	0.0198484645	-0.1148777085	-0.0451576766	-0.0296734877	0.0949495281	0.0731449155	0.0404349114	0.0016963469	0.00114195	0.0152749499999999	1.3040498025e-06	0.0002333240975024	0.0327714	0.0505865999999999	0.00107396465796	0.0025590040995599	-0.0286716	-0.0125627999999999	0.0001578239438399	0.0008220606465599	-0.000150985	0.0001616129999999	2.6118761768999998e-08	2.2796470225e-08	0.000244259	0.000417446	5.966245908099999e-08	1.74261162916e-07	-0.000244532	-0.0003404713	1.1592070612369e-07	5.9795899024e-08	0.0
275.6466120150136	-0.0478414678560739	0.0022888060466237	75981.05471535544	392.7080548602289	1.244226818977438	154219.61635210455	1.5481003770627146	287.8538311079488	0.0065281964462542	82859.8280835235	4.261734884088651e-05	298.92407827202845	248.7997328924181	1.029612	20.079859	0.11825035	0.0573132	-0.1296856487	-0.0773329671	0.05891988	0.0020437783	-0.0287602455	-0.0996244249	-0.0186823381	0.0594282333	0.1657481559	-0.0338785539	0.036492271	-0.0162252383	-0.0854645832	-0.0082545742	0.0309501806	0.054469722	-0.0948215963	0.0237490954	-0.0004531736	0.0348335248	-0.0825517243	0.0145879017	0.1357951011	0.0336335328	0.028317046	-0.12362905	-0.0437645375	-0.1599848024	-0.020947354	0.1295898818	-0.0538119562	0.0924916826	0.0525009677	-0.0002557248	-0.0934196977	0.012189974	0.0359329014	-0.0236349413	0.0704735475	-0.0134218473	-0.0882072077	0.0225645555	0.0776094524	-0.0123718389	-0.0308529834	-0.0547569743	0.0569707379	0.0741663578	-0.0958927057	-0.074876337	0.155865927	0.0330812335	0.0622179158	-0.0895915041	-0.199199211	-0.0332572225	0.0977899265	0.0159085029	-0.0919283172	-0.1096192415	-0.0113703842	0.0653026125	-0.1014559277	0.0111611197	-0.0697360776	-0.0864654416	-0.0140514238	-0.0235322778	0.0667276299	-0.0020711736	-0.0054265388	0.0329710177	-0.0344190623	0.1115220656	-0.0827046611	0.0810615747	-0.0152571865	-0.0596147177	-0.0031491874	-0.065266797	0.0463161331	-0.0187914487	0.2344641539	0.1716425938	-0.0383217865	-0.0270257835	-0.0291449522	0.0314798435	-0.098235973	0.0193611521	0.0042960985	0.064496463	0.0084783146	0.0376218627	0.0797258793	-0.0260747335	0.0692366264	-0.0740091377	-0.0900927497	0.0063042512	0.0495242773	-0.0330705286	0.0483691242	0.0467116388	0.041174982	0.113320795	0.0349090994	0.1175969575	0.025284706	-0.0847522823	0.0989358076	0.0156620144	0.0691074927	-0.0503292648	-0.0920710216	0.1408194144	0.1431771372	0.1221639733	0.0159279473	0.028507906	-0.0882899905	-0.0856307734	-0.0258832472	-0.0022643009	-0.0309548491	0.1388269942	-0.0301340664	0.1845080618	-0.078782189	-0.0847480867	0.0061498417	0.0789303314	-0.0841948736	-0.0570560079	0.0460597194	-0.0106183116	0.0310185995	0.0103564655	-0.0524992405	-0.1403936832	0.025336013	-0.030405438	-0.0437807564	-0.1000197111	0.042889676	-0.0176291379	0.0233354198	-0.1471576143	0.085262557	-0.1166470341	-0.0362432049	0.0155325533	0.1412991814	-0.0145152255	0.0274670119	0.0702510297	-0.0116548192	0.0174442961	-0.0303870552	-0.0034683745	0.0026972594	-0.0524970607	0.0767790143	0.0778150681	-0.1096163363	-0.029147689	-0.0763765679	-0.0191994018	0.100954784	-0.0777444862	-0.0351915249	0.033871691	0.0202524303	0.0847859689	0.1257759902	0.029772414	0.0220380083	-0.0208988078	0.1476872138	-0.0324236715	-0.0809644559	-0.0990902566	-0.0791912671	-0.0543340226	-0.1706077754	0.094293869	0.0707261675	0.0357097311	-0.0050871859	0.0255291	0.02438715	0.0006517349468099	0.0005947330851224	0.0149169	-0.0178545	0.00022251390561	0.0003187831702499	-0.0331551	-0.0044835	2.010177225000001e-05	0.00109926065601	0.000204421	0.000355406	1.26313424836e-07	4.1787945241000014e-08	-0.000452455	-0.000696714	2.04715527025e-07	4.854103977959999e-07	0.000133852	0.000378384	1.43174451456e-07	1.7916357904e-08	0.0
275.4625517063784	-0.1840603086351961	0.0338781972148836	75879.61739258919	393.306225629723	0.598170769494061	154689.78711909856	0.3578082694771171	288.00847991482635	0.1546488068775602	82948.88450284893	0.0239162534686529	299.04093983197765	249.3292072186896	1.032353	20.133318	0.031530145	0.015887	-0.0997421963	-0.0642515114	-0.0172985156	0.0078551916	0.0790592759	-0.152924486	0.1221583717	-0.0593072024	0.118487781	-0.0507408315	0.0300092486	0.0515985866	-0.0027687235	-0.069529017	0.0465814633	0.035328374	-0.0473146887	-0.011554155	-0.0051635797	0.0261347405	-0.0718627558	0.0192306412	0.1057992113	-0.0657018595	-0.1206580015	-0.0363301423	-0.0224851326	0.0621431285	0.0588751993	0.0709058041	0.0011463116	-0.0248342235	-0.082203713	-0.0650395262	0.1667170397	0.0330838071	0.018574662	0.0074085117	0.0738543888	-0.0893442417	-0.0536974381	-0.1079078487	0.0854402718	-0.0222323361	-0.1175276176	-0.099479422	-0.0146472628	0.0396268359	-0.0263764678	-0.0215310863	-0.0766063905	0.0045632039	-0.019474473	-0.0206952136	-0.1354906399	-0.0536020743	-0.0080555033	0.0765968335	0.0505539469	0.0736096116	0.0232917095	-0.0879464109	-0.144845011	0.0679437787	0.0201343445	0.0485904223	-0.1615948579	0.0221911769	-0.0962591093	0.0280086445	0.0528597463	-0.090400815	-0.0027127937	0.0031308789	0.017223692	-0.0482224966	-0.0533576328	0.126759149	0.0565860831	-0.0040969315	0.0271002044	0.1359114802	0.0459424347	-0.0801334018	-0.0940264001	-0.0123364525	-0.0110894006	0.0318305209	-0.1302859711	-0.0369448806	-0.0331337902	-0.0061888268	0.062131258	-0.1563699757	-0.0900280844	0.0583778723	0.0699626997	-0.0666930305	-0.0644461874	0.0517570518	0.0204354395	0.0097806608	-0.0238961017	0.0300261157	0.0906456569	-0.0295163338	0.0375756742	0.1474142945	0.0563361557	0.0122952204	0.0716281693	0.0637637608	0.0434974455	-0.0736738614	0.1003997885	-0.0192718088	0.0621286825	0.0436162077	-0.0209807892	0.0449412016	-0.1109261082	0.0054303969	-0.0167270569	0.0052015646	0.0239294843	0.0709850591	0.0654255397	0.0586408133	0.1273469011	-0.0001976175	0.092808941	0.040211424	-0.0276120259	0.0159558601	0.003057475	0.0330231232	-0.1725190669	0.0020800175	0.0296240238	-0.0073115315	-0.079118668	-0.0600600637	0.0100248485	0.0868847268	-0.1126570393	-0.1765007552	-0.0226512949	-0.0452457665	-0.0854789318	0.0204764653	-0.1006694847	-0.0191337362	-0.0314303508	0.035635264	-0.0346276916	0.1170782693	-0.0558534134	-0.0020099959	0.1138434156	-0.0640677981	-0.1515205655	-0.056627776	0.0658230668	-0.0439171737	-0.103236187	-0.0693634826	-0.0931423895	-0.0042601837	-0.0124429664	-0.0757645716	-0.0596731385	0.0540425405	-0.0728530133	0.1191440634	-0.0864939943	0.046992288	0.0583986899	-0.0308625894	0.1410227333	0.1153169689	0.0981517594	-0.065181623	-0.0243801526	-0.0405952399	-0.2144867037	0.0936124309	0.0682300815	0.0308967027	-0.0118484738	0.036559	0.0110299	0.001336560481	0.00012165869401	0.0149249	7.999999999999327e-06	0.00022275264001	6.399999999998923e-11	-0.028647	0.0045081	2.032296561000001e-05	0.000820650609	6.24601e-05	-0.0001419609	2.0152897128810003e-08	3.9012640920100005e-09	-0.000338648	0.000113807	1.14682467904e-07	1.2952033249e-08	0.000197767	6.3915e-05	4.085127225e-09	3.9111786289e-08	0.0
275.1167346702894	-0.345817036088988	0.1195894224493724	75689.21769564242	392.3842571763389	-0.9219684533840676	153965.40527982728	0.8500258290354099	287.86499849080576	-0.1434814240205923	82866.2573561116	0.020586919038977	298.8216176751361	248.3848580642457	1.040384	20.289938	0.0596691949999999	0.0315195	-0.0382764602	0.0059080334	-0.0276093991	0.0147075757	0.09475216	-0.0057413048	0.0366801239	-0.1150976386	0.0735162754	-0.0157329277	-0.0140023446	0.0181215705	0.0577798864	-0.0142053097	-0.1232932162	-0.0178985883	-0.0295302769	0.028338986	-0.0753052658	-0.0212883492	-0.0930342376	0.0789233812	-0.0362456948	0.0572894846	0.0130429033	-0.0343916446	0.0122634777	-0.0287634088	-0.0266839273	-0.0037590803	-0.0844349005	0.0471313697	-0.0423156576	0.0161234312	-0.0164764583	0.0166611673	0.0335509675	-0.0585789537	0.0396766714	-0.073161808	0.0220727405	-0.1427787463	-0.0459887061	-0.0992647662	0.0161038437	-0.1535166394	0.0825566223	0.0275808859	0.0060881341	0.0804882992	-0.1219088468	0.0084917213	-0.0067542821	0.0324140325	0.034954452	0.0954788484	-0.0882473864	-0.0306321476	0.0149845424	-0.0842439985	0.0137060319	0.028954378	-0.0683626659	-0.0651478364	-0.1246955076	0.0359700718	-0.0111172614	0.0245552287	0.0095501083	-0.0474575045	0.1402370784	-0.0930263771	-0.0415375458	-0.0497780215	-0.0390147136	0.0982741015	0.0613663266	0.0170633689	0.0136167102	-0.1059691447	0.100338686	0.0601882274	0.0640941212	-0.0901561822	-0.0377504352	0.0231027311	0.1145098391	-0.0064310864	0.0106387379	0.1134183274	-0.0283895301	-0.1235229873	0.0585902208	-0.0404361361	0.0222834591	-0.1071489077	-0.0111151867	-0.0089987822	-0.0607722805	0.0122905408	-0.0676917346	0.0815470528	-0.0277138828	0.0255553319	-0.0421577431	0.0100339135	-0.0417353611	0.1056144506	-0.0356345868	0.2047423396	-0.051806537	0.0779952155	-0.0158610482	-0.0120085428	0.1150744748	-0.0321830143	0.0672341847	-0.0397402427	0.0301582451	0.0439295798	-0.0113048834	-0.0321722519	0.0075815161	-0.0367117717	0.0156831496	0.0084206724	0.0199897445	0.0731476941	0.0447031654	0.0927745187	-0.0363244822	0.0059262489	0.005623502	0.0020586858	0.0073280423	-0.0052506514	-0.0461544413	0.008866709	0.1360403026	-0.070668437	0.0670296181	-0.0017608897	-0.0510164241	-0.1018033471	0.2108615776	-0.1355483016	-0.0621444113	0.0940494504	0.0574735143	0.1700652472	-0.0641974434	-0.0164061257	-0.0147681497	0.0156626676	-0.1080202843	0.0146778306	-0.0675607234	0.0029147558	-0.0140867874	-0.1128251514	0.035888771	-0.0336422893	0.0299063343	-0.0624990611	-0.0674651309	-0.1272314393	-0.0480562936	0.0775090403	-0.0448029479	-0.0372977907	-0.1048959336	0.0793569965	-0.0716409438	-0.0207958567	-0.01867183	0.0350645751	0.0162515662	-0.123667592	0.1518835897	-0.1249739315	0.0314098926	-0.0392330488	-0.0945070821	-0.0527687626	-0.0207227555	0.0929054001	0.0656593869	0.0260076665	-0.0185579513	0.0391102	0.0025511999999999	0.0015296077440399	6.508621439999982e-06	0.038527	0.0236021	0.0014843297289999	0.00055705912441	-0.0105709	0.0180760999999999	0.0003267453912099	0.0001117439268099	1.99412e-05	-4.25189e-05	1.80785685721e-09	3.9765145744e-10	-0.000226791	0.0001118569999999	5.1434157681e-08	1.2511988448999997e-08	0.000352187	0.00015442	2.3845536400000002e-08	1.24035682969e-07	0.0
274.89829222367564	-0.2184424466137784	0.0477171024826134	75569.07106749337	391.7754775915561	-0.6087795847827806	153488.0248420919	0.3706125828482947	287.42537770430675	-0.439620786499006	82613.34774846339	0.1932664359220046	298.2049779810281	244.36064945214147	1.045563	20.390928	0.06495734	0.0367203	-0.0371750932	0.0003171365	-0.0574477187	-0.0494873251	0.0096140676	0.025227922	0.0806541834	0.131063244	0.050625586	-0.0028982209	-0.0695116292	-0.0086578041	-0.0300223969	-0.1416381604	-0.0214012111	0.075602313	0.0568472529	-0.0838441601	-0.1082638144	0.0700617577	-0.1789733336	0.0294012431	-0.0529212975	-0.0584040995	0.1143058452	-0.0290290924	-0.0497293369	-0.0593587433	-0.0134113456	-0.0313165914	0.0581230658	0.0636169479	0.0961456624	-0.2081166958	0.0460891884	-0.067281984	-0.1734799528	0.0094666599	0.0561156221	0.0187450443	-0.0521204061	-0.0021458874	-0.0715223801	0.035796698	0.0565666729	0.0248722998	0.0454512906	0.0555234622	0.0868475684	0.1443497386	0.0196267789	-0.0142907151	-0.1536544027	0.1118036923	-0.032927599	0.0789462603	0.0811730776	-0.1180323496	-0.0135660586	-0.1287127691	0.0983150583	0.0236675018	0.0212695767	0.1442409995	0.0082892784	0.0316230315	0.0252289702	0.0820748557	0.0963135638	-0.0059541333	0.0151675143	-0.0531945536	0.0564611609	-0.013629609	0.0051727535	0.0627772312	0.0541949507	0.1641598529	0.088773774	0.0005890339	-0.0904045521	-0.0376448157	0.1503684778	0.0814063961	0.0654908225	0.0560225949	0.0292784146	0.0149214525	-0.0296091547	-0.0509926827	-0.1128928197	-0.0256764001	-0.0192803841	0.0307200993	0.1384714093	0.1178940449	-0.0633691175	-0.0044561226	-0.0198974844	0.1317396141	0.0218730866	-0.122317019	0.0966014127	0.1636231307	-0.0862426363	0.0424463936	-0.0135022838	0.016217517	-0.032217907	0.15242936	-0.1406369044	0.0244380355	0.0330716975	0.0406960248	0.0002870105	-0.0848065108	0.00013591	-0.0843816085	0.0892580631	0.1228072257	-0.0085393975	-0.0786580711	0.0299239404	0.0519004608	-0.0690220048	0.0560319767	-0.1242121231	-0.0454903598	0.0200522421	0.0807339458	0.165607725	0.058201714	0.0119793979	-0.1348124231	-0.1122468874	0.0519457564	0.0980212165	-0.1855877654	-0.0004319466	0.0012746943	0.1176691684	-0.1304000959	-0.078085605	-0.0168717914	-0.0061180515	-0.0337902401	-0.0386195919	-0.0652721173	0.0379416263	-0.1489283448	-0.0031498597	-0.0034359487	0.0646823532	-0.0383490887	0.0425715591	0.0239311245	-0.0426487831	0.1358828062	0.0443706952	-0.0053339848	-0.028813868	-0.0503347567	0.1090957626	0.09685585	-0.0101502499	-0.0697610773	-0.0481281332	0.0266178199	-0.0349983847	0.0194596848	-0.0833739385	0.0691208407	-0.0144288518	-0.0519945036	0.0429617568	0.0072941665	0.0484286768	-0.1006190091	0.2152513507	-0.1702326834	0.0034550001	-0.1352410222	-0.1433250725	0.0392119849	-0.0786940391	0.0921729699	0.0630168947	0.0210546499	-0.0251862796	0.0298347	-0.0092754999999999	0.0008901093240899	8.603490024999998e-05	0.0431582	0.0046312	0.00186263022724	2.1448013440000017e-05	-0.0286164	-0.0180455	0.0003256400702499	0.00081889834896	0.000516516	0.0004965748	2.4658653199504e-07	2.66788778256e-07	-0.000161194	6.5597e-05	2.5983505636e-08	4.302966409e-09	0.000254256	-9.7931e-05	9.590480761e-09	6.464611353600002e-08	0.0
274.9714495096265	0.073157285950856	0.0053519884876953	75609.29804542508	391.8680031021525	0.0925255105963742	153560.5318552686	0.0085609701111197	287.5042809127017	0.0789032083949337	82658.71154312968	0.0062257162950143	298.5671854081818	244.11032143020043	1.05893	20.651632	0.0846693199999999	0.0495799	-0.0104160166	0.019789859	-0.0373411633	-0.074435595	-0.0131734825	-0.0214319813	0.1320486016	-0.0440459626	-0.0091101067	0.010093524	-0.1239329554	-0.0426038174	0.0435405638	-0.0466519566	-0.0641665196	0.0161815632	-0.1280863426	0.0079607359	0.0176219066	-0.0019636578	-0.1683175763	0.0708408511	0.0280911879	-0.0395632456	0.0821733334	0.0497468062	0.0451556463	0.1585718444	-0.0358608635	-0.025551495	-0.0239844859	0.0984291464	0.0037716365	-0.0465157549	0.0409930621	-0.0691998085	-0.0705355622	-0.0938722937	0.0427083369	-0.0079472041	-0.0013707583	-0.0828028388	-0.0418559946	-0.0908846972	0.0010537393	-0.0798378745	-0.0196020737	0.1038477937	0.0095819559	0.0723126967	-0.027897408	0.0093926326	-0.0397745301	0.0637979676	0.0250030847	-0.0514647092	0.1298197036	-0.070752809	-0.1099340896	0.1100188148	0.0177853085	-0.0098840795	-0.0279435797	-0.0288958652	-0.0644923398	-0.0289839798	0.0222146271	-0.178287896	-0.0482512196	-0.0077876817	0.0010124015	0.1557773063	0.1213640549	0.1137810172	-0.0956082598	0.0846593115	-0.0092830847	-0.0425115536	0.0487221083	0.0043218953	0.0073121508	-0.128210406	0.0311813368	0.0458702335	-0.0214871289	0.0771279313	0.002020732	0.0288301765	0.058396245	-0.0770474028	-0.0833316001	-0.0826877126	0.0002319501	0.0768895719	-0.0343253014	0.0777189327	0.0587205171	0.0306253655	0.0119383696	0.0705030944	-0.1110659217	-0.020079904	0.0012453122	-0.0155320356	-0.0114028514	-0.0122090933	-0.065546203	0.0482638064	0.0169444415	0.0457419481	0.0423928432	0.0122787802	-0.0514266301	0.0546488056	0.0366187137	-0.0820570391	-0.0119030274	0.0560473537	-0.0211919567	0.0724586397	-0.0370403604	-0.1707854064	-0.012490743	-0.0426415933	-0.0365345685	0.0500071791	0.0727912193	0.0534310326	0.0196897302	-0.1375110799	0.0518660246	0.1217987321	-0.0677224795	-0.0276111196	-0.0252403103	-0.0115516298	0.0317198262	-0.0698195459	0.0530944766	-0.056822594	0.0051472729	0.0351822484	-0.028156882	-0.1063512948	0.033126721	0.0775377842	-0.1190029857	-0.0617507513	0.0284005642	-0.011233166	-0.0536006361	0.0546474576	-0.1458950579	-0.0950224208	-0.0443065341	-0.0831551893	0.0186333597	-0.0701075841	0.1456810208	0.0876906883	0.0039575357	-0.0545229748	0.0489872557	-0.0751146299	-0.0383257328	-0.0699453235	-0.0343357238	0.0037501273	-0.1146892063	-0.0194987146	-0.0498050811	0.0401222798	-0.0925183066	0.0407094803	-0.0519106585	-0.0108727599	0.1109506309	-0.035412205	0.0936088266	0.0165916224	0.0611859647	0.0916427384	-0.0971144996	0.0346283573	-0.0914434279	0.0914153405	0.0603054945	0.0160498375	-0.0317044747	0.0298271	-7.599999999999968e-06	0.0008896558944099	5.7759999999999505e-11	0.00305946	-0.04009874	9.3602954916e-06	0.0016079089495876	-0.00568197	0.02293443	0.0005259880794248	3.2284783080899995e-05	0.000438627	-7.788899999999999e-05	6.066696320999998e-09	1.9239364512900003e-07	0.00012871	0.000289904	1.65662641e-08	8.4044329216e-08	0.000189478	-6.477800000000001e-05	4.196189284000001e-09	3.5901912484000004e-08	0.0
275.27749718848673	0.3060476788602386	0.0936651817357397	75777.70045835733	392.95417937492687	1.086176272774367	154412.9870882222	1.1797788955380155	287.89105571747206	0.3867748047703685	82881.2599621206	0.1495947496051566	298.92029989860725	244.9708281131317	1.0619	20.709547	0.1146293599999999	0.0747715	-0.0160279534	-0.0057719844	-0.0080949782	-0.0716082393	-0.0335490828	0.0246560056	-0.0853864436	0.0288423215	-0.0056773527	0.0616424555	-0.0368030356	0.0167812683	-0.0293816323	0.0302260708	0.0491427012	0.0759519423	-0.0161185826	0.0179618196	0.0251263383	-0.1034365022	0.0460436642	0.019469553	-0.0470408348	0.0385178186	-0.1280389282	0.043277523	0.0324994157	0.0103253288	-0.1003327862	0.0623407242	-0.0378152111	-0.0456481632	-0.0561353556	0.1503154928	0.0024288466	-0.0156680268	0.0050493511	0.0414935837	0.0364251786	0.0275242709	-0.0772240943	-0.1390191536	-0.1420890813	-0.043614281	0.019569131	-0.0890871772	0.039222708	-0.1556538278	-0.0118677856	0.0457763258	0.0975784582	-0.0129252671	0.0317974253	0.0457401194	-0.0236090494	0.0400299135	-0.0904045372	0.0062674692	0.0411952146	-0.0903948769	-0.0405428903	-0.0171845885	-0.1194285885	-0.0827396235	-0.0006886469	0.0712707883	0.0948382215	0.1869250419	-0.0538092318	0.0322670737	-0.047592579	0.0791749908	0.0228520142	-0.1711828662	0.0404753429	-0.029369529	0.0788488267	-0.1156149026	-0.1740172414	0.0172062019	-0.0407367446	-0.0920492303	0.0020661391	0.0537932905	-0.129532659	0.0308499945	0.120880193	-0.0450951231	0.1129590439	-0.0544863459	0.0239721151	0.037908428	0.08916882	0.0884476098	-0.0146379395	-0.076837828	0.0289652348	0.0401728039	-0.0431786044	0.045496893	-0.0488705518	0.0162732722	0.027754856	0.0748067516	0.0325735003	0.0501412016	0.0277165407	0.1089354688	0.0001306885	0.180387772	0.0908974898	-0.082298644	-0.1022438842	0.0627707174	-0.0683854684	-0.0274861964	-0.0815118914	0.1120655182	0.0595648795	-0.0569831053	0.0650079127	0.0208047489	0.0375353607	0.0839639112	0.0925864128	-0.032449887	-0.1639870284	-0.0153847635	-0.0161853495	0.0465807089	-0.1115929667	0.0021224043	-0.0213451585	-0.0403273455	0.1112610125	0.1520819208	-0.0788804547	-0.0122575066	-0.085537085	0.0237359662	-0.0407473147	0.0151764258	0.0868972215	-0.0713842643	0.042836067	-0.0612804736	0.165257541	0.1077558967	0.0849074495	-0.013216624	0.0054996958	-0.1435037146	-0.0361758539	0.0750824564	0.0157195936	-0.0229705203	0.0704813958	0.002369504	0.1165384426	0.0038779601	0.0255686511	-0.0112597686	0.0264074869	0.010659649	-0.0827225961	-0.0832760202	-0.0402907435	0.1456608516	-0.0526708938	-0.0870919949	-0.0312665707	0.0524685224	-0.0945099055	0.0439801155	-0.1364060099	-0.0490745491	0.0838281892	-0.0113682466	0.0022916913	0.0426263803	0.0119971401	-0.0358445195	-0.0948931763	-0.0226186248	0.0963704982	0.0906327191	0.0575281511	0.0110055415	-0.0380840342	0.0298081	-1.8999999999998185e-05	0.00088852282561	3.6099999999993103e-10	0.0532075	0.05014804	0.0028310380562499	0.0025148259158415	0.0487701	0.05445207	0.0029650279272848	0.0023785226540099	0.000339025	-9.960199999999996e-05	9.920558403999992e-09	1.1493795062500001e-07	0.000229313	0.000100603	5.258445196900001e-08	1.0120963609e-08	0.000189478	0.0	0.0	3.5901912484000004e-08	0.0
275.51156010349735	0.234062915010611	0.0547854481832645	75906.61975066303	393.2199822019054	0.2658028269785291	154621.9544028668	0.0706511428297778	288.13954387581947	0.2484881583474134	83024.3967449653	0.0617463648388892	299.0479474726481	244.8595639122532	1.054345	20.562208	0.0693194	0.0454385	-0.0401996207	-0.0618385909	0.0714203055	-0.0957912095	-0.0289034222	-0.0709433354	0.0091388258	0.1199443029	0.052487228	0.0219419318	-0.0150755493	0.1300889128	-0.1006657365	0.0377978964	0.0247301051	-0.0385227468	-0.016950876	0.1404019613	0.0507449958	-0.1548979965	0.1309767754	-0.0232505877	0.0705863576	-0.0090115337	0.0188103003	-0.0188910991	0.1258304727	0.0383539274	-0.0179741147	0.0059572142	0.0325573469	-0.0707746873	-0.0617197734	0.0596695777	-0.1768335583	-0.0158178855	0.0164157272	0.0876481061	-0.0359984133	0.0309564107	0.1433871016	-0.0384961575	0.0571595391	-0.0276126845	0.0762615689	-0.1012706805	-0.0783828611	-0.1989719846	-0.0825122574	-0.1248002771	0.0876942245	-0.1228420696	0.0387960137	0.2166378276	-0.0810353297	0.0171463889	0.0205073221	-0.0093768508	0.0110055035	0.1457765667	-0.0372355486	-0.1013774636	0.1378136148	0.0761081945	-0.0159871921	-0.0082044186	0.0532516226	0.1207728409	0.0240364243	-0.0598387551	0.009611088	-0.0603064151	-0.0915827599	-0.0307131225	0.0317130494	0.0143721028	-0.0645032417	-0.0110362556	0.0998821309	-0.0075725111	-0.0374326435	-0.1551985705	-0.131000364	0.0615286802	0.086131961	-0.0197038525	0.0704538145	0.0679481126	-0.0526511283	0.0793661092	0.077184104	-0.0392525583	-0.0977696299	-0.0302447395	-0.018331459	0.0303215	0.0079327733	0.0365004566	-0.0550340087	0.0766175505	-0.0430228876	0.0881076039	0.112221006	-0.0284524742	0.1605955498	0.1403854134	0.0093795434	0.1066876191	-0.0367553821	-0.0832472806	0.0447122104	-0.1093436558	-0.1054331487	-0.071077111	-0.003938969	0.1174831442	-0.229109851	-0.0298367389	0.0114951224	0.0698820641	0.049200019	-0.0132982534	-0.0477477781	0.0372892848	0.0455989751	0.0406672531	0.0145349169	-0.1676259203	0.0486471171	-0.0489173934	0.0550184173	0.0744017529	0.0835222329	0.011197551	-0.0200873695	-0.0712832031	0.0796004581	-0.1189716482	-0.0594836122	0.1389757047	-0.0066113862	-0.0797930805	0.1330244899	0.0515507176	0.0345364091	-0.0614545973	-0.0456530772	0.05862876	-0.1209270703	0.0068836043	0.0233525004	-0.0541332602	-0.0595607928	-0.102151554	0.021185874	-0.0670698305	-0.0123729504	0.0629253589	0.0139710589	-0.0437016349	0.1614420386	0.0246434316	0.0327953505	0.0173017434	-0.1009486724	-0.0263147232	-0.0617068527	-0.0607828809	-0.0579421084	-0.1427377365	-0.0072988326	0.0309263863	-0.033271037	-0.0006697455	-0.0863971398	-0.0037273346	0.0838171423	0.0699516382	-0.0290064873	0.0824331341	-0.0578134318	-0.1092178859	-0.0300407664	-0.0010839128	0.0989249676	0.0898253196	0.0546879015	0.0059341712	-0.0442970619	0.0298081	0.0	0.00088852282561	0.0	0.0248125	-0.0283949999999999	0.00061566015625	0.0008062760249999	0.0636267	0.0148565999999999	0.0002207185635599	0.0040483569528899	-0.000182331	-0.000521356	2.718120787360001e-07	3.3244593561e-08	0.000229313	0.0	5.258445196900001e-08	0.0	0.000189478	0.0	0.0	3.5901912484000004e-08	0.0
275.6411905807526	0.1296304772552616	0.0168040606334269	75978.06594477477	393.8342118055227	0.614229603617332	155105.38638847735	0.3772780059599048	288.4503138062199	0.3107699304004541	83203.58353490675	0.096577949641103	299.3855758616293	248.5768101698074	1.036003	20.2045	0.0130934899999999	0.00833331	-0.0703441506	-0.0380632097	0.0580258664	-0.0117984207	0.0113498735	-0.0344562978	-0.0283866433	-0.105807793	0.0538561014	-0.0105379177	-0.0034056569	0.0790810214	-0.0052127866	0.1020471777	0.1227584996	0.0550281767	0.0092414066	0.0747837066	0.0309303376	-0.0415232267	0.0090528673	-0.1583454822	0.0097039828	0.1147435996	-0.0052486601	-0.1124334254	0.1019813578	0.0750271902	-0.0975479224	-0.0584564889	-0.0501998265	-0.1912486095	0.0204286819	-0.0531461063	0.0806911953	0.0292828265	0.0818218979	0.0196652068	-0.036868868	-0.1544343749	0.0488350046	-0.0227187455	0.0037444632	-0.0254174946	0.0047628627	0.0965396112	-0.0364659604	-0.0350236924	0.0769527092	0.0435679477	0.0828058125	-0.0714608751	0.0069450368	0.0288055773	0.0212068412	0.0416720228	0.1074328953	0.0800426923	0.0205179315	-0.0557993558	0.1099772581	0.0538204007	-0.0978202347	-0.0116383331	-0.0389480494	0.0486575667	0.0849957198	0.0507679426	-0.0551259002	0.1260954232	0.0238187236	0.0015861359	-0.0004231441	-0.0322225252	0.0983364825	-0.0112487515	-0.0327893855	-0.0520556295	0.0693640223	-0.0138594276	0.0343578882	-0.0514098296	0.0649151418	0.0370494927	-0.0659657471	0.0036935213	0.0469422248	0.0705136119	0.1274057352	-0.0733920779	-0.0232678448	-0.0278917449	0.1642419871	0.0560669238	-0.0280793367	0.155312138	0.0063319516	0.0078211434	-0.1076705569	-0.0437566138	-0.0126622248	0.0710802073	-0.0484938279	0.0687459799	0.0229576145	0.0870194067	-0.01116344	0.0137524223	0.0468632824	-0.0433111537	-0.081537702	-0.1998348247	-0.0328087865	0.1128604682	-0.0513045982	-0.0160873679	-0.0257081801	0.0715943054	0.0260426207	-0.0114417288	-0.0968071257	0.0301616364	0.0290554533	0.0869044143	-0.1208977821	-0.0008343949	-0.0070173641	-0.0232200097	0.0395421125	0.0540571917	-0.0363661836	-0.0542710035	-0.0403365934	-0.0470156585	0.0407589558	0.0643366683	0.0258559584	0.0407206624	-0.0749946615	-0.0286311082	-0.0121880503	0.0726792952	9.45621e-05	-0.0458929746	0.0017905638	-0.0200386584	-0.0323175783	0.0167880086	-0.0080156665	0.0460670632	-0.0982783566	0.0193995261	-0.0841884675	0.0273261339	0.0597112287	-0.1289334775	0.1577448263	0.0319152102	0.0112947809	0.0886777696	0.0026877715	-0.0022570611	-0.0438114368	-0.0715696608	-0.1140358513	-0.0359773991	-0.0609613646	0.034633782	0.0259384321	-0.1283941214	0.016779775	0.0533200728	-0.0481519964	0.0331341756	0.0411919517	-0.049903621	0.1055927738	0.0539325558	-0.0711014018	0.0855190575	-0.0852088902	-0.0127592701	0.0088416435	-0.0926457718	0.0452200742	0.0889933628	0.0517878515	0.0008482025	-0.0503163898	0.0298049	-3.2000000000018125e-06	0.0008883320640099	1.0240000000011598e-11	0.0248129	3.999999999976245e-07	0.00061568000641	1.5999999999809961e-13	0.0607171	-0.0029095999999999	8.46577215999995e-06	0.00368656623241	-8.035979999999998e-05	0.0001019712	1.0398125629440008e-08	6.457697456039997e-09	0.000229313	0.0	5.258445196900001e-08	0.0	8.78434e-05	-0.0001016346	1.032959191716e-08	7.716462923560001e-09	0.0
275.4715732835557	-0.1696172971969076	0.0287700275083841	75884.5876873174	392.5997201346925	-1.2344916708302094	154134.5402498389	1.523969685349162	288.4910201205145	0.0407063142945958	83227.06869017512	0.0016570040234504	299.3694818212089	245.0706570092536	1.071409	20.894991	0.04254905	0.0206347	-0.0841032834	-0.0835999043	0.0785424925	-0.0346212803	-0.0487599997	-0.0704968976	-0.0599188872	0.1100464953	0.0742535507	0.0076941879	0.01026706	-0.0001917385	-0.0793312442	0.0573129117	0.0365820743	0.0583067718	-0.027308589	0.0002717062	-0.0067960934	-0.0885730694	-0.0137951893	-0.0653561846	0.0341334994	-0.0328550777	-0.1565443043	0.0542922664	-0.0051138284	0.0572215456	0.0250661678	0.1184344937	-0.0185633381	-0.0087593492	0.0737245592	0.1343938952	-0.0256546665	0.0580799701	-0.0586032351	0.0849671799	-0.0005555261	-0.028101946	-0.0834032155	-0.0153629974	-0.1171765371	-0.1046584824	0.0183346018	-0.0984749602	-0.0654361146	-0.0788321267	0.0454885139	-0.048462025	-0.0165556277	0.1101307446	0.0979392624	0.0480253208	-0.1274222744	0.0172387715	-0.0926854261	0.016598475	0.0073723512	0.0933459185	0.117464077	0.1349237295	0.0726506201	-0.1103100765	0.0589906219	-0.0040889852	0.1101493762	-0.1366251214	0.0309237475	-0.0475663752	-0.0151770299	-0.0606486912	0.1285034096	-0.0039318448	-0.0475206922	-0.0327144509	0.0544584937	-0.0098004885	-0.0175870309	-0.0375982859	0.0474250765	-0.0485231565	0.0794960832	0.0556799411	0.0927761461	0.0241840764	0.0506633171	-0.0342465135	-0.0648173648	0.0008689834	0.0079183046	-0.0704343678	0.0752938713	-0.0546783057	0.072682287	-0.0435545966	0.0053178832	-0.0300645634	-0.0293461069	0.0294785794	0.1051500239	0.0185617602	0.0323803467	0.1425992426	0.0277268277	0.0326035257	-0.085071812	0.0688959741	-0.0193415334	0.0182410937	0.0763156909	-0.0478287173	-0.0339153049	0.0196172409	0.0195922478	-0.0089975045	-0.0059397792	0.1108147881	-0.0276680925	0.0846972243	0.081272379	0.0785325899	-0.1592433592	-0.0537878093	0.0542577883	-0.1546321291	0.072440552	0.0334259407	0.0614561344	0.0212316078	-0.1370490105	0.1121751518	0.0025202108	0.0769548373	0.0040903742	0.0072757392	0.0423521032	-0.1387078979	-0.0674266537	0.0840287751	0.0623441381	-0.0070736537	0.0006257431	-0.1027502172	0.0600471813	-0.0358837277	-0.0734411066	-0.1075881967	0.0266481025	-0.073461095	-0.0077451203	-0.0271759592	-0.0034854902	0.0316880229	0.0090996877	-0.0762468598	-0.1062940409	-0.023587932	0.0039644471	0.0725487283	0.0637207591	-0.0169660859	0.0380521853	0.0856736396	-0.1091717414	-0.0159359946	-0.0719742924	0.0430518127	0.0583141623	-0.0823921389	0.0244580546	0.083905441	-0.0540899322	0.0792701635	0.0533303085	-0.0510432426	0.0396291897	0.0026874872	0.0037343581	-0.0651376082	-0.1094073427	-0.0828269306	-0.0643129708	0.058805208	0.0496331413	0.088137076	0.0488311722	-0.0042398529	-0.056115697	0.0209868	-0.0088180999999999	0.00044044577424	7.775888760999998e-05	0.0248125	-3.999999999976245e-07	0.00061566015625	1.5999999999809961e-13	0.0466896	-0.0140275	0.00019677075625	0.00217991874816	-0.000122686	-4.2326200000000015e-05	1.791507206440001e-09	1.5051854596e-08	-2.07872e-05	-0.0002501002	4.3210768384e-10	6.255011004004e-08	0.000189478	0.0001016346	1.032959191716e-08	3.5901912484000004e-08	0.0
275.6167847503492	0.145211466793512	0.0210863700883232	75964.61203612034	393.38165222626577	0.7819320915732533	154749.1243082667	0.6114177958321225	288.09026293754016	-0.4007571829743597	82995.99959942102	0.1606063197055444	299.13261441477835	247.1478899763044	1.03935	20.269762	0.09491121	0.0445026	-0.0819883896	-0.0866678599	0.0949177123	-0.0186308216	-0.0053855944	-0.0716546146	0.0645941798	-0.0193662358	0.0352812363	0.0246635526	0.0277863369	0.0442979148	-0.0013504443	0.0214749771	0.0242337819	-0.0275064046	-0.0769827478	0.0563484249	0.0446043982	-0.0705721535	-0.0425577862	0.0421128057	0.0652440633	0.0234214373	-0.0091621114	0.0535391735	0.0642235173	-0.1647078563	-0.0366087524	-0.0173652704	0.0551497103	0.0652298251	-0.0673387603	-0.1321047776	0.0887556679	-0.0325182252	-0.0035938702	0.0207010956	0.0512767194	-0.0715127195	0.0602241708	0.0630315259	0.069955474	0.0344184291	-0.1168783695	-0.0694679366	0.016119719	-0.1167498418	-0.0477491056	-0.0011864185	-0.0723302813	-0.0273241716	-0.0158530649	0.0379200816	0.0452080373	0.0809642737	0.0039113631	0.0333060572	0.1204928414	-0.0197490148	0.1363853641	-0.1133794753	0.0207439269	-0.1165733647	-0.0244995643	0.1137438765	0.0086500748	0.0156933557	-0.0638060634	-0.0848227649	-0.0470924031	0.0428869261	-0.0434027015	0.0183554587	0.0597275062	-0.0076792491	0.0553719842	0.1008641258	0.0166855432	-0.0245953777	-0.1463759617	0.0769505831	-0.1159505299	0.0326812036	0.0028624991	0.0457411014	0.0197112381	0.0988888631	0.0722078754	-0.0659258362	-0.0274564524	0.01352471	0.1089313003	-0.0522813798	-0.0680504109	-0.0468397383	-0.0265138298	0.0223229669	-0.0570182038	0.0402031975	0.0093935542	0.0052768063	-0.0105949129	-0.0485442954	0.0485789458	0.0858774638	-0.0570282939	0.0155829287	0.0868660889	0.0442036937	0.0366436795	0.014396045	-0.0175816301	-0.0903277312	0.0973034224	0.0133541046	0.0052503844	-0.064150965	-0.0140496748	0.0656118896	-0.0270699524	0.1099977269	0.1801974116	0.0208004775	-0.0135985718	-0.0550890059	0.044552802	-0.1369104889	0.0808521155	-0.0205498616	-0.0189507906	-0.0960231572	-0.0180971455	0.0447088534	-0.1263048373	0.0198552936	0.0290822645	0.0030130118	0.0743888643	0.0876464019	0.0069890477	0.1040973597	0.0198805246	0.0216300404	-0.0395883845	-0.071192191	0.062941932	0.0143407216	0.032281923	-0.1148276428	-0.0441186162	-0.0102983528	-0.0660809918	0.0011705944	0.0139395679	0.0617583883	0.0421876359	-0.0359304278	-0.0413873926	0.0431510155	-0.063091864	-0.0027074934	0.0013663008	-0.0561007669	-0.122358028	-0.0009819275	-0.0840462871	-0.0759274425	-0.0043903639	-0.1363822888	0.0186831373	0.086837575	0.0178387354	0.0694902206	0.0375308726	-0.0510198578	0.056223451	0.0309596471	-0.0965568227	-0.0502414573	-0.1522286253	-0.0738366356	-0.0822338592	0.053906109	0.0705481918	0.0872566935	0.0458210968	-0.009317478	-0.0616696245	0.0298081	0.0088213	0.00088852282561	7.781533369000002e-05	-0.00159295	-0.02640545	2.5374897025e-06	0.0006972477897025	0.0594788	0.0127892	0.00016356363664	0.0035377276494399	0.000565119	0.000687805	4.73075718025e-07	3.19359484161e-07	0.000229313	0.0002501002	5.258445196900001e-08	6.255011004004e-08	0.000189478	0.0	0.0	3.5901912484000004e-08	0.0
275.3890052246796	-0.2277795256696322	0.0518835123142826	75839.1041986386	393.25405522042087	-0.1275970058449047	154648.75194730583	0.0162809959005846	288.43429426033055	0.3440313227903857	83194.34210545495	0.1183575510609025	299.40262430087233	248.9299244942729	1.027964	20.04772	0.09033375	0.0555248	-0.0506383829	-0.0587026221	0.0525117775	0.0358501632	0.0806513733	-0.0175038087	0.0226923054	-0.1005724501	0.0918509203	0.009261154	0.0462636402	0.0369323402	0.0536038933	0.0486482673	0.0101911891	-0.0290257825	0.0110789019	0.1380610819	-0.0907929374	0.0386797463	-0.0539066332	0.0864019452	0.0244674388	-0.0140731452	-0.1410229421	0.0560983614	0.0967575727	-0.0175502081	-0.063785132	-0.0858448619	-0.1050583755	-0.0294489499	0.0802051898	-0.0560577454	0.0728490466	-0.0409106253	0.0504136611	0.0904544303	-0.1066503532	-0.061279228	0.0930542875	0.0140369575	-0.1303805891	-0.0198859684	-0.0068376917	-0.0672049112	0.1308433094	-0.0318915923	-0.0616801283	-0.0378233027	-0.0283293955	-0.0425627665	-0.0393315623	-0.1099391588	-0.0899955057	0.070706013	0.0183079415	-0.2097189624	0.0921452652	-0.0052301969	-0.0717505229	-0.0741582468	-0.0280823942	-0.053945216	0.0900357271	-0.149055635	0.0370933167	0.0606695843	0.0597816091	0.0045209938	0.0914135486	-0.1286933948	-0.0072178543	0.054646737	0.1092532293	-0.0159410083	0.0137474269	0.0930663563	-0.014485579	0.0454596803	0.0396044138	0.0928780715	-0.0393663186	-0.0577706363	-0.0896946071	0.0023263767	-0.0756168806	0.0018950673	0.1152891887	0.0829180251	-0.0578900599	0.1364215964	0.0047917804	0.0167865377	0.0851036975	0.0657355712	0.0275099617	0.022033825	-0.0881287588	-0.0027363784	0.0116869646	0.0608810501	-0.0136566425	0.0188202595	0.1020902806	0.0667921088	-0.1833468955	0.1051418507	-0.0340391098	0.0637373494	-0.0457685359	0.0164701972	0.0806271551	-0.0470278714	-0.0462967657	0.1423425571	0.0601003458	-0.015086991	-0.0407075309	-0.0420398594	0.0625521349	0.0133418709	0.0601716936	-0.0317951508	0.1315632424	-0.0217039043	-0.0778575209	0.1493036162	0.0943809868	0.0922395158	0.0620795837	-0.0763308448	0.1560232698	-0.0360182184	-0.0580806021	0.0305455407	-0.0353804211	0.0697567331	0.0819047325	0.1194393752	-0.0562959702	-0.0652337376	-0.0562917993	0.0152551219	-0.041834152	0.1092358351	0.0851846976	0.0327050078	-0.0762635009	0.0666917187	0.0049283196	0.0261532166	-0.0115447621	-0.0801529832	0.033149593	0.0288638965	-0.0075054157	0.1752985943	-0.0917619852	0.1303427744	0.0212602246	0.0220732717	-0.0246469155	-0.0592266815	-0.0938800885	-0.0440251531	-0.0704497918	0.0523331645	-0.0212424773	-0.1049549113	-0.0163402018	0.0750753107	-0.0563009012	0.0108412118	-0.0680391269	-0.0619129133	0.043473067	0.017591352	-0.0444549615	0.063879696	-0.0209004922	0.0190353516	-2.00026e-05	-0.0363587053	0.0702396291	0.0863524559	0.0427609166	-0.0143721814	-0.0669538864	0.0298081	0.0	0.00088852282561	0.0	0.024728	0.02632095	0.000611473984	0.0006927924089025	0.084915	0.0254362	0.00064700027044	0.007210557225	-0.000206413	-0.000771532	5.95261627024e-07	4.2606326569e-08	0.000229313	0.0	5.258445196900001e-08	0.0	0.000189478	0.0	0.0	3.5901912484000004e-08	0.0
275.0256562854552	-0.3633489392243518	0.1320224516354617	75639.11161524536	393.0821092063495	-0.1719460140713522	154513.5445781125	0.0295654317550256	287.8070873694231	-0.6272068909074733	82832.91954007072	0.3933884840018191	298.788233327278	242.8218616107833	1.066258	20.794544	0.050744355	0.0315568	-0.0103546675	-0.044919835	0.0376647125	-0.0418609965	0.035037376	0.0039600006	0.0825832016	0.1472331081	0.074441227	0.0842920308	0.0115841856	0.0564760117	-0.0841047932	-0.0628683546	0.0246760737	-0.0217005059	0.1843654458	0.0467201351	-0.0915131637	-0.0053539892	-0.0038117817	0.0225380553	0.0366543639	-0.0407549502	-0.0121558773	-0.0543799701	0.0831738508	0.0667190409	0.0348947379	-0.0265045076	-0.0733374603	0.0049309772	0.0907525038	0.0385830946	0.0308365205	-0.0855656187	-0.052498759	-0.0067396508	0.0034715524	0.0561923176	0.0468370525	-0.0033018456	0.0293513771	0.0125858154	0.059819456	-0.0798470846	-0.0482720711	0.0898430602	-0.0428519385	-0.0625720539	-0.0763592675	0.0588528547	0.0406522994	-0.0199590037	0.0856549527	-0.0294394997	0.0101789437	0.0842439685	0.0006396566	0.0271926808	-0.0310240455	-0.085005342	0.075363987	-0.0102563755	-0.048149183	-0.0780459319	0.081689221	0.1954128752	-0.0202944247	-0.0311283667	-0.0731909174	-0.076961803	0.0188368508	-0.0354052678	0.0067794579	-0.104916781	0.0117183958	0.0782713846	0.0856897076	0.0414949439	-0.0078578218	0.1047165735	-0.0384895601	0.0473688177	0.1027721645	-0.069447336	0.1123339399	0.1004529686	0.0307543759	-0.0822619099	-0.01403529	-0.2475496501	-0.0202060766	0.0543825821	0.0850910904	0.1451607691	-0.0021235697	0.0639077948	-0.0442380847	0.0865784767	0.0121356645	0.0099199255	0.1143706949	-0.0140375548	-0.0235794782	0.0178749003	0.0108494226	-0.0029032418	-0.0849791084	0.0085282483	-0.0246628368	-0.0231163785	0.0584664292	-0.1391954681	0.0682025815	-0.1264460796	0.1106064401	0.12472068	-0.0375037712	0.023761164	-0.0093506092	-0.1181746332	0.0424632992	0.0192841152	0.0274618961	-0.0809094389	-0.002011341	-0.1344602192	-0.0615030948	0.0064598119	-0.0174884908	0.0720805088	0.0208963621	-0.0786954739	-0.0476997749	-0.006649472	0.0875003662	-0.0081178675	-0.0099607788	0.0280486267	0.0526290102	-0.0295668581	-0.0497583501	0.0871794533	-0.0702083463	-0.0877830547	0.0574850396	-0.0256733361	-0.0729631426	0.0291890322	-0.0944655663	-0.1574610912	-0.2101150225	-0.0671520172	-0.0515093921	0.0355612942	0.006229378	0.0975643777	-0.1444918034	0.0505171681	0.0285851075	0.0476261074	0.0742181334	0.1004779346	-0.0304612293	-0.0343049775	-0.0709228395	0.0004825626	-0.0654990783	-0.055980212	-0.0350053802	0.0821997083	-0.0425890675	-0.0544240008	-0.101817644	0.0039966027	0.0121703389	-0.0576033893	-0.0062955374	-0.0609168172	-0.0044419254	0.0722613253	0.0289601851	0.0611313851	0.0090452688	0.0854246103	0.0396539781	-0.0193915285	-0.071945376	0.0298301	2.199999999999772e-05	0.0008898348660099	4.839999999998995e-10	0.0247332	5.200000000000343e-06	0.00061173118224	2.7040000000003568e-11	0.112418	0.027503	0.0007564150089999	0.012637806724	-0.000171532	3.488099999999998e-05	1.2166841609999984e-09	2.9423227024000005e-08	-6.67639e-05	-0.0002960769	4.457418343210001e-09	8.766153071361002e-08	5.61528e-05	-0.0001333252	1.7775608955040005e-08	3.15313694784e-09	0.0
275.0203101900161	-0.0053460954391084	2.8580736444056356e-05	75636.17101701269	393.0711675654831	-0.010941640866406	154504.9427712921	0.0001197195048494	287.8374967270535	0.0304093576304467	82850.42452209654	0.0009247290314964	298.9922001222399	243.6145779669537	1.079768	21.05801	0.063033137	0.0306678	0.0382029515	0.0143681726	0.0507190312	-0.0332682624	0.0449146449	0.0070501475	0.1462233244	-0.0879069534	-0.0094505545	0.0270606391	-0.0525999985	0.0525420472	0.071467158	0.0144804927	-0.0224327156	-0.0870304924	0.09842138	0.0676936428	0.0157571447	0.0833383183	-0.1062422875	-0.0425605684	-0.055472256	0.0567326792	0.1359926145	-0.0824115747	0.1624675381	-0.0270766336	-0.0844627804	-0.0982000854	0.0020952077	-0.0330004223	0.0728617583	0.1686996942	0.0474953441	-0.0300016566	0.074673826	-0.0641267923	0.0071467555	0.0262241425	0.0599284557	-0.0830018882	0.0927935978	0.0346590647	0.0141113674	-0.0265982023	0.0593117677	0.0360595651	-0.089386275	0.1088979239	-0.0905946303	-0.0173344038	0.0675881421	0.1271961742	-0.021710444	-0.0618386169	0.1524791425	-0.1181949534	-0.1183476008	-0.0124257292	0.0047706736	0.0256946869	0.0773856227	-0.0809959441	-0.1720050187	0.0044892764	0.0007813098	0.0730770769	-0.0074494561	0.1231143753	-0.0779302275	0.047269969	-0.0383162632	0.0156849691	0.0468682027	-0.0519582017	-0.1671742394	0.0787034257	-0.114965699	0.0810190603	-0.0721332887	-0.0804859745	0.0316039409	0.0185678009	0.0590552357	-0.0648310884	-0.102975048	0.0844230218	0.0481861214	0.0131408491	0.080579904	0.0117700498	-0.0904832162	-0.1304616657	-0.0346398936	-0.1167387087	-0.091878746	0.0530810634	-0.0404037892	-0.0003462519	-0.0813597654	0.0297470831	-0.0191823081	-0.0378038689	-0.0276103924	0.0160597286	-0.0076588689	0.0272824495	0.0847518686	-0.0059986016	-0.1164181261	-0.0500500833	-0.0097462226	-0.0678363739	0.0705801872	0.0366289357	-0.0310258114	-0.0285449982	-0.188608143	0.1271155745	0.0083418672	-0.1454499835	-0.0145313162	0.1216260722	-0.0358088174	0.1006625977	0.0002859516	-0.0236042321	-0.0741820574	0.0056933637	-0.0211922366	0.1284404309	0.0191988902	-0.1780590853	0.1494359434	0.0130677151	0.070794589	0.1210614138	0.0344393855	0.0888200352	-0.0576143058	0.1007161457	0.0606254783	-0.0314917263	-0.0854715776	0.0815903517	0.0602998214	0.0268250668	0.0003551275	0.0211206545	0.0277119123	0.2067693559	-0.0163534401	-0.056830557	0.033394839	0.0270127951	-0.1308673381	0.0223689801	0.0102676479	-0.0214668018	0.0966711834	0.0623223667	-0.017820871	-0.0780581323	-0.0135782954	-0.0444239348	-0.0572389718	-0.022887282	-0.0827570909	-0.0495026162	-0.0576068608	0.0608819038	-0.0455709839	-0.0898811294	-0.0263784478	-0.0004006744	0.0327462507	-0.0515125271	-0.0600625291	-0.0663212426	0.0048427243	0.1970868158	0.005861912	0.0753152991	-0.003702241	0.0844734105	0.0365036785	-0.0243631711	-0.0766222668	0.0210144	-0.0088157	0.0004416050073599	7.771656648999998e-05	-0.00156755	-0.02630075	2.4572130025e-06	0.0006917294505625	0.123504	0.0110859999999999	0.0001228993959999	0.015253238016	2.21738e-05	0.0001937058	3.7521936953640014e-08	4.916774064400001e-10	7.90614e-06	7.467004e-05	6.250704969959999e-11	5.5756148736016006e-09	-1.20851e-05	-6.82379e-05	4.65641099641e-09	1.4604964201e-10	0.0
275.1383361857684	0.1180259957523048	0.013930135673323	75701.10403907293	393.649951245077	0.5787836795938688	154960.28411525147	0.3349905477642181	288.5354396359083	0.6979429088547704	83252.69992588687	0.4871243040206583	299.3766332754006	242.97832483951427	1.104308	21.536606	0.114767742	0.0585826	0.0438978024	-0.0234657969	0.0413044365	-0.0451069654	0.0181872206	0.1158951275	-0.0191779956	0.0695519206	-0.0156524649	0.0932741924	0.0016880434	0.075584469	-0.0471642088	0.0385679421	0.0846719575	-0.0411652713	0.082987949	-0.0708590241	-0.0769139561	-0.145367641	-0.0814843887	0.0238732852	-0.0777707008	0.039868335	0.1525488972	0.037089512	-0.0855227003	0.046151055	-0.0347700359	0.0863765759	-0.1085527503	-0.1593639565	0.1443970834	-0.0023857716	-0.0331061275	-0.0273331501	0.0793657492	0.1082131902	-0.1268900541	-0.0244007287	-0.0647932953	-0.0424853649	0.0540228193	-0.0281050456	-0.0208631074	-0.0406506136	0.254463117	0.0471987838	0.0321956996	0.1031215197	0.0166545135	-0.1693147218	0.0941179485	0.0313823696	0.0058774026	0.0433284339	0.0757578219	0.1217240299	-0.0002030685	-0.0898915463	-0.1448295152	0.0076729152	0.0681237022	0.0551604113	0.0212818386	0.0587830021	-0.0172682609	0.1152912339	-0.0317576454	-0.0070116103	-0.0334009634	-0.0520440348	0.0012707026	-0.0410997009	-0.0492513593	0.0343332872	-0.007859354	-0.0580813833	0.1425519277	0.0353268075	0.0962002167	0.0362158171	0.0415713279	-0.0869277028	-0.0557031733	0.0357010055	-0.0432062925	0.1021520582	-0.0361779548	-0.0281239769	0.0437194561	-0.1001075425	-0.1245171257	-0.0065649008	-0.0473775779	-0.0452311193	0.0508780103	0.0743570044	-0.0502176358	-0.019840889	0.0490359496	0.0587490559	-0.06172743	0.0593933188	0.0500702677	-0.0012780082	0.0700477208	0.0677787838	0.1078910985	0.0467012395	-0.2067775603	0.0512060438	-0.0519651734	0.0564007476	-0.1276804598	0.1166494634	-0.0040854359	0.0654015445	-0.093917408	-0.0391734778	0.1158416084	0.0255581831	0.0170795303	-0.033942574	-0.0205661009	0.1797466974	-0.173179087	-0.1348094755	-0.0138495693	0.0207570506	0.0067094857	0.0682857074	-0.0615807805	0.0342176886	0.0515198686	0.0249930097	-0.0214611481	0.0635031639	-0.0081429622	-0.0515833249	0.0754032058	-0.0447808022	-0.0066584615	0.0602238468	0.0314402033	-0.0296486013	-0.1447214747	-0.067188309	-0.0543814395	-0.0383288659	-0.0163165641	-0.144324164	-0.0518627275	-0.0274810965	-0.1320361511	-0.0308881458	0.0278875922	0.0079450469	-0.1052810412	-0.1072889699	-0.0884543486	0.0726463333	-0.0128494452	0.0602317857	-0.0251760506	-0.0549347012	-0.0615699512	0.1259268374	-0.02868379	-0.0312849614	-0.042545602	0.0446934994	-0.0254654975	-0.0641854129	-0.070686837	-0.0984298111	0.0242612393	-0.032996406	-0.0528919271	0.0251022862	0.0615694374	0.0796744596	0.0289407522	0.0483745653	0.025855199	0.0834991166	0.0333134626	-0.0292748789	-0.0809641079	0.0109899	-0.0100244999999999	0.00012077790201	0.0001004906002499	0.0485155	0.05008305	0.00235375374025	0.0025083118973025	0.143689	0.020185	0.000407434225	0.020646528721	-0.000300551	-0.0003227248	1.0415129653504001e-07	9.033090360099998e-08	-0.000197204	-0.00020511014	3.8889417616e-08	4.20701695308196e-08	-0.000173754	-0.0001616689	2.613683322721e-08	3.0190452516000004e-08	0.0
275.3858380332462	0.2475018474777925	0.0612571645049205	75837.35978927332	393.4126882113849	-0.237263033692102	154773.54324570834	0.0562937471567795	288.3943750335508	-0.1410646023575168	83171.31555099234	0.0198992220382843	299.4376494302681	243.08249126502665	1.053638	20.54842	0.09864138	0.0553511	0.0121777761	-0.0547702311	0.054822961	-0.0705842528	0.0092574657	-0.0195776875	0.0942759079	0.0866135411	0.0051241106	0.0476352789	0.0109401797	0.100929477	0.0332524011	-0.0551631969	-0.0124767108	-0.076535618	-0.0559594934	-0.030932977	0.0176379566	-0.0320116231	0.0635462073	-0.0562547624	-0.0299127802	0.1013558312	0.1205793209	-0.0170980415	0.0416272915	0.0394974858	-0.1061491213	-0.0344712037	-0.0632630445	0.1283362405	0.0609736295	0.1179332253	-0.173302728	-0.0094832262	0.0147941983	0.072456129	-0.0514602879	-0.0516892053	0.1849662426	-0.0618819745	0.0814916645	-0.189531649	-0.0136509148	-0.0640225214	0.0401332242	-0.0061704261	-0.0300407746	-0.0409171285	0.153369775	-0.0349569574	-0.0395348529	-0.0407809623	0.0310678006	-0.0079577051	0.0598854816	0.0837285139	0.060617754	-0.0768277211	-0.0887282529	-0.1171464306	0.0224448418	-0.1361947427	0.0489217796	-0.0667382529	0.1013361936	-0.0217194759	0.0685697013	-0.0408867157	0.003781898	-0.1464648277	0.1665703452	0.086356808	-0.0115011744	0.0346394712	0.0403712993	-0.0266437719	0.0126510317	-0.0521157575	0.0248848998	0.0571279842	0.038304104	0.0405818628	0.0727590108	0.160348811	0.0040420329	0.1022920696	-0.0057689851	-0.0416026395	0.0831622868	0.0261619704	-0.15106703	-0.0644862536	-0.0817252061	-0.024729288	-0.1076117346	0.0454585649	-0.0106647378	0.0599019881	0.0371068467	0.1500747735	0.0199530366	-0.0798948843	0.0451321002	0.0478527406	-0.0527863732	0.1038134752	-0.0121273699	-0.1287953001	-0.0705961874	-0.0033464127	-0.0659497809	0.0614880476	-0.0364228542	0.0994196585	0.0038024081	0.0609152868	-0.0141750359	-0.0925469068	-0.037255979	-0.0709599542	0.1530194778	0.002755474	0.0085324974	-0.0125835698	-0.0371403286	-0.0562168415	0.1196119899	0.0670067137	-0.0990539149	0.0013452052	-0.1191079042	-0.0403799619	-0.1472950084	-0.1226745231	0.0271301716	-0.0770021744	0.0671499683	0.071424383	-0.0183622931	-0.0395708773	-0.067708101	-0.0385155479	0.0419872331	0.1157219327	0.0022245462	-0.1586190277	0.0103590457	0.1416453012	0.0378122628	-0.0542057526	0.1073472505	-0.1001381279	-0.045422512	0.0288028402	-0.0540147574	-0.1119339065	-0.117391273	0.1230290002	0.1167696847	0.0527616403	0.0196818026	0.0129760705	-0.0370301988	0.0254387479	-0.0790651859	-0.0819832827	-0.0693933643	-0.1024184957	-0.0072787011	0.0498013699	0.0520280577	-0.1027998498	-0.0390656934	-0.0523424194	0.0395275131	-0.0022441698	-0.0348499971	-0.0123732578	0.0026551287	-0.0497766461	0.0186747588	0.0316845109	-0.0037905979	0.0825019948	0.030086819	-0.0341145687	-0.0849519136	0.0109775	-1.2400000000000952e-05	0.0001205055062499	1.5376000000002362e-10	0.00494864	-0.04356686	2.44890378496e-05	0.0018980712902596	0.12578	-0.017909	0.000320732281	0.0158206084	0.000277186	0.000577737	3.337800411690001e-07	7.6832078596e-08	-9.23726e-05	0.0001048314	8.53269723076e-09	1.098962242596e-08	-0.000234248	-6.0494e-05	3.659524036e-09	5.4872125504e-08	0.0
275.4870266247844	0.1011885915381753	0.0102391310574797	75893.10183856466	393.9945089243752	0.5818207129903499	155231.6730625596	0.3385153420645991	288.6271121817492	0.2327371481984528	83305.60988637606	0.0541665801515485	299.709640020768	246.5575587982824	1.05425	20.56035	0.04607365535	0.0286648	-0.0023623462	-0.0460888385	0.064864895	-0.0174013647	0.0342299949	0.035160604	-0.0755079688	-0.1092596346	0.0259398313	0.0174141339	0.0304234778	0.1092786024	0.0609609305	0.1683965505	0.0132524054	-0.0002346521	0.0244554498	0.0366797747	0.1089126545	0.0255627731	0.0158893975	-0.0791337685	0.1464568418	0.0592466535	0.0478133316	0.0648850676	-0.0920326614	-0.0408504221	-0.0228846953	0.1587982965	0.0157308553	-0.0156432152	-0.0716212489	-0.098272062	0.0306107117	0.0163533866	0.1586803848	0.0823290978	-0.0182510609	-0.0794368547	0.0493225923	0.0696663833	-0.0014537769	0.0449722195	0.1146537682	-0.0170754675	0.037895251	0.0364705453	-0.0934386087	0.0490445322	-0.0145753044	0.1167640693	-0.08598051	0.0671148201	-0.0660363464	-0.0590826608	-0.0097505922	0.0270835349	-0.0967385882	0.0656694682	0.0711956892	-0.0208847297	0.0187364352	-0.1261282801	-0.0244892594	0.1405609542	-0.0317784849	0.0398880545	0.0646533759	-0.1350502704	-0.0287425719	0.0247932144	0.0827025759	0.1216298237	-0.0050607604	0.0287292453	-0.0918840712	-0.0726854647	0.0067882943	-0.106665904	-0.1334065654	0.0181121882	-0.1087819893	0.045740711	-0.0203680529	0.0684729726	-0.0055333286	0.0855512974	-0.0543290918	0.0068120227	0.0485052576	0.025513324	-0.0835025089	0.0015357238	0.0222082622	0.0350796672	0.017467581	0.0135742437	-0.099631869	-0.0513195508	0.0223450231	0.0962395195	-0.1202087142	-0.0360194161	0.0497826925	0.0855074529	0.0071717193	-0.0235464548	-0.0420712519	-0.0416340795	-0.0296822249	0.1004002326	0.1008753329	-0.0145297728	-0.0888678784	0.0187423772	-0.007868502	-0.0940784465	0.006794505	0.1593996854	0.0313158847	-0.0177142069	-0.0783682053	0.0820256997	0.0369565876	-0.0558000756	0.1236535148	-0.0659860657	-0.0159230539	-0.0238187587	-0.0171989141	-0.0363766628	-0.1385487669	-0.0077623102	-0.0217675272	-0.115996173	0.0435726103	-0.0662733014	-0.0563819687	0.0662562589	0.0561509152	0.159013066	0.1684892802	-0.0080649739	-0.0088856255	0.0679134859	-0.0900384312	0.0040664802	-0.0022996342	0.0480514974	-0.0460075706	-0.0185520845	0.0659086214	-0.0999409793	0.0522665884	0.1088142967	0.0930163145	-0.0193050391	-0.0430742247	-0.0184568801	-0.0038959187	0.0551066314	-0.0677162866	-0.0618881755	-0.0570475028	-0.001123326	-0.083800971	0.0488074505	0.0027030766	-0.0833538208	-0.0116044618	0.0363933652	0.1186040613	-0.0452388682	0.0100439221	-0.0987612413	0.0005130135	0.0083977609	-0.1195721642	0.0243064483	-0.0078273089	-0.0634924259	0.0263187982	0.0444485146	0.0451812623	0.0814823178	0.0268272759	-0.0388703345	-0.0885682462	0.0079775899999999	-0.00299991	6.364194220809842e-05	8.99946000810059e-06	0.0290013	0.02405266	0.00084107540169	0.0005785304530756	0.122265	-0.003515	1.235522500000003e-05	0.014948730225	0.000494064	0.000216878	4.7036066884e-08	2.44099236096e-07	8.711070000000001e-07	9.3243707e-05	7.588274054490002e-13	8.694388895101852e-09	-0.000234248	0.0	0.0	5.4872125504e-08	0.0
275.37165262136045	-0.1153740034239376	0.0133111606660667	75829.54706741922	393.2110791177023	-0.7834298066729275	154614.95274090793	0.6137622619835805	288.42991434980706	-0.1971978319421623	83191.81549183704	0.0388869849226893	299.3800259671058	244.10213927248668	1.063433	20.739441	0.10537416535	0.065919	-0.0179863057	-0.0975767738	0.0683178978	-0.0081812631	0.0675920197	-0.0949413939	0.0252612128	0.1283768353	0.0642630741	0.0526297415	0.1068580265	0.0725036936	-0.0708012633	-0.094155747	0.0128595208	0.0707402806	-0.0189283384	0.0373142698	-0.0624963039	0.1147878726	0.0825361355	-0.0237942621	-0.1113713161	0.0474435207	-0.0486096749	0.0192342829	0.0006193493	0.0089777225	-0.106106894	-0.0201447267	0.0136349445	0.0174772231	-0.0104754693	0.0426273996	-0.1037699654	-0.0182651475	0.0069037289	0.0914905295	-0.113941469	0.036603536	0.0297728531	0.1642710476	0.0506084924	-0.1470411073	0.0789888811	0.0658721664	0.0430003116	0.1250912459	-0.0209961959	-0.1240922521	0.0967936914	-0.012529072	-0.000758213	-0.0372013443	0.0500264026	-0.0696771668	-0.0450609838	-0.0492250129	-0.0087031751	-0.0642618595	0.1895520655	-0.0280624684	-0.0389544659	0.1815010037	-0.1677968479	0.0345425613	-0.0947403183	0.0423395678	0.0215915695	-0.03925621	0.0795345774	-0.0156642791	-0.0059791383	0.0374494228	-0.0750883032	-0.1110264248	-0.0933658712	-0.0397603123	0.0565871954	-0.0342000391	-0.0405683922	0.0032322001	-0.0884042652	-0.121417636	-0.0865399978	0.0409520343	-0.0252582793	-0.09315423	0.116281404	0.0142462334	-0.1091722592	0.0381408186	-0.032177895	0.0274296557	-0.0655677177	-0.0990244189	0.0317686963	0.0465673252	-0.037084955	-0.0276995368	0.2048028128	0.0233413346	0.0594745497	0.0148447174	-0.0452146298	-0.0058036647	-0.0440052101	0.0067756043	-0.0611313573	-0.1185957519	-0.0958787368	0.0438277288	0.0516182588	-0.0857541175	-0.0017437025	0.0388512311	-0.088999985	0.0115983499	0.1388494618	0.003364413	-0.0691393483	-0.083176856	-0.046338121	-0.0962217962	-0.1669949745	-0.0499460917	0.0371184676	-0.0872570574	-0.0311955898	-0.0478132176	0.1856768432	-0.107498914	-0.050985888	-0.0550744635	0.0667107309	-0.1339705298	-0.0959096977	0.1431304862	0.0406756893	-0.0054400613	-0.0062029101	-0.0193495295	-0.0687668533	0.0141933763	0.0657573395	0.0049224209	-0.0232987826	0.1269898191	0.0044405009	0.0721437863	0.0582782445	0.0306860704	0.0073193036	0.0764121248	-0.0667327906	-0.0678239341	0.073498429	0.0735082604	0.0391466386	-0.0127832781	0.0467022537	0.0887476184	0.0247344559	0.1286820879	-0.0347784203	0.0356577926	-0.0932661579	-0.0025530731	-0.0121203427	-0.073929345	0.0083689712	0.0387973087	0.0826042217	0.021599934	-0.0229784193	-0.0610610553	0.0052750959	0.0292071785	-0.0914991644	0.0234212324	-0.0247342252	-0.0719849125	0.0508639284	0.1193036105	-0.0174475793	0.0804403643	0.0235383975	-0.0435304769	-0.0917972923	0.00222603	-0.0057515599999999	4.9552095609e-06	3.308044243359885e-05	0.0181893	-0.010812	0.0003308506344899	0.000116899344	0.170511	0.048246	0.0023276765159999	0.029074001121	-0.000163011	-0.000657075	4.317475556250001e-07	2.6572586121e-08	-0.000153346	-0.000154217107	2.3514995716000002e-08	2.378291609144945e-08	-0.000234248	0.0	0.0	5.4872125504e-08	0.0
275.18850460335	-0.1831480180104563	0.0335431965011584	75728.71306582798	393.7136041368092	0.5025250191068835	155010.4020823961	0.2525313948283736	288.3595765055437	-0.0703378442633493	83151.24536245652	0.0049474123356151	299.265792272408	245.7964538305483	1.053811	20.551786	0.07363367	0.0461252	0.0016278078	-0.0529306434	0.0512191635	0.0093075675	0.143637645	-0.0696561248	0.0720907189	-0.1166678097	0.0553393478	0.0248611226	0.0345353838	0.1042542654	0.0958575022	-0.0808244782	-0.0100063743	-0.0563012411	-0.0538272739	0.1699944517	-0.0018283584	0.0782136763	-0.019753925	0.0234015827	-0.021614825	0.0173861786	-0.1125999977	-0.0123777738	-0.0602466522	0.1386808116	0.0127168819	0.1132381912	0.126812604	-0.0085880111	0.0499112052	0.0040590635	0.0037944172	-0.0220450575	0.0005365455	0.0763228902	0.0128260943	0.0764616627	0.0779439422	0.0085907305	0.1358428203	-0.0802678928	0.0318943988	-0.0430889472	0.0383578153	0.0183274981	0.0637613776	-0.0289932251	-0.1482538585	-0.1745420255	-0.0946772274	-0.0474711659	-0.0610485839	-0.1357304955	0.1015668858	0.0905246706	0.0314108351	0.0290477806	-0.0668563216	0.012444114	0.0976850255	0.0256591657	-0.1022950966	-0.0278658012	-0.004121641	-0.0101381322	-0.0319974282	-0.0427325221	0.0585732748	-0.0124119352	-0.0547307984	-0.0064482693	0.1143894673	0.0596590626	-0.0088254317	-0.0132323529	-0.0817300583	0.0191029817	0.0957495517	-0.0016293678	0.0367615476	0.0519833458	0.0844004337	-0.1595871453	0.1127172397	-0.1143987391	-0.0251353697	0.0583619175	-0.021550702	0.1126883873	-0.0075523633	0.0717673749	0.1610658569	-0.0049484953	0.0249488058	0.0435543947	-0.0589541841	0.0140214759	0.0329540928	0.0648515098	0.0263757333	-0.0503948656	0.0090963831	0.0314297316	0.0351628098	-0.0096216977	0.0192827973	-0.0386351119	-0.1893369409	0.0424333681	-0.0698242042	-0.0314784795	0.0850379997	0.0555018816	0.0847537729	0.0133839723	-0.1155779585	-0.0153253108	-0.0376912304	-0.0008778999	-0.0216228903	-0.03884162	0.0874512726	-0.0200436159	0.0669096533	-0.0407336157	-0.030455617	-0.0623207927	0.0434935514	-0.1204952549	0.162279799	-0.0817607338	0.0977728242	0.0224601173	0.0130446551	-0.0275206833	-0.0295217812	-0.176983291	-0.058024712	0.037162756	0.0131709901	0.1076184715	0.1163295333	-0.0301439748	-0.0151925881	-0.097710684	-0.0632630178	0.0707418536	0.0824199541	-0.0279043881	0.0458738236	0.0663996721	0.0346009522	-0.0274079008	-0.0566526248	0.0033024951	0.041453355	-0.0983675821	0.0470669624	0.0868779914	-0.049272664	-0.0770563126	-0.0072399904	0.016460412	-0.0784370006	-0.0427466651	-0.0693179565	-0.0397819594	-0.0344744388	0.0321497081	0.1409595987	-0.0537906599	-0.0114073412	-0.0369578902	-0.0274990905	-0.0229497752	-0.1114158256	-0.1289405825	-0.0109860704	-0.0606204874	0.037240586	0.1374356062	0.0306268865	0.0793764193	0.0202237803	-0.0480835316	-0.0946249323	0.00283421	0.00060818	8.0327463241e-06	3.698829124000003e-07	0.00300691	-0.0151823899999999	9.0415077481e-06	0.000230504966112	0.163176	-0.007335	5.380222500000012e-05	0.0266264069759999	0.00064982	0.000812831	6.606942345609999e-07	4.222660323999999e-07	4.3985e-05	0.000197331	1.934680225e-09	3.8939523561e-08	-0.000234248	0.0	0.0	5.4872125504e-08	0.0
274.8566456467192	-0.3318589566308105	0.1101303670960902	75546.17565616616	393.3876430866641	-0.3259610501450538	154753.83773328064	0.1062506062116662	287.97438513565606	-0.3851913698876501	82929.24649425916	0.1483723914359244	299.068545491074	245.4399877788265	1.055861	20.59178	0.08301223	0.0471684	0.0384372513	-0.0189110438	0.0323199935	0.0169253838	0.1400659795	0.0898177331	-0.0279647297	-0.0103175224	0.0188157199	0.0782411382	0.0009479328	0.0462060007	-0.0170284202	-0.0713418549	0.0414137593	0.0246400864	0.068230555	0.0112512845	-0.1455709526	0.0339318105	-0.017510834	-0.0904536524	-0.0673915767	0.0839406661	0.0139231941	0.0317375066	-0.0764969157	0.0330023051	0.0702115064	0.0337617127	0.1054401435	0.0917971092	0.0229674225	-0.0514637512	0.0817189072	-0.0670763884	0.0207469225	-0.0833611206	-0.021285473	-0.0128382932	-0.0392995466	0.0759177401	0.1309254388	0.032608247	0.0185208161	0.0666442246	0.1249117652	-0.01684022	-0.098531988	0.0121241809	0.1483097018	0.0492039084	-0.0566936744	0.0544887171	0.0696477537	0.0788143177	0.0174822066	0.0517721738	0.0175070565	0.1467846399	-0.0169913461	0.0925197627	0.0353125185	-0.0552049476	0.0796736408	0.095705907	-0.1129988579	0.0015839019	0.1446958589	0.1113699335	-0.0236388427	0.0210060123	-0.0482641066	-0.0353341491	0.0021575615	-0.0197483876	-0.0080744711	0.0321582703	-0.03655757	0.2179869543	0.0005072293	0.0229512083	0.0297632736	0.0583466504	0.0964855062	0.0461262197	0.0922435585	-0.0821790356	0.0703861601	-0.0443373249	-0.0192670078	-0.0187051951	0.0226632519	0.0031435781	-0.0666935411	-0.0721476415	-0.0398332186	0.0873091865	-0.0311646027	-0.0002995645	0.031681587	-0.0280873732	0.0051872183	0.0154235684	-0.1547904053	-0.0185387099	-0.0191754124	0.002574242	0.0757286776	-0.0907128765	0.0475050677	0.0302937527	0.043419893	-0.0919173312	-0.1456871487	0.06858181	-0.0505448942	-0.0840511633	-0.011503883	-0.0646937679	-0.1125331989	0.0561970895	0.1075671367	0.0541253864	0.0044987013	0.0455161077	-0.0124236129	0.0322656334	-0.0957932648	0.1051612698	0.0276749064	0.05142367	-0.011734538	-0.0219634463	0.0689627892	0.0934125667	0.0334711666	-0.1351249566	-0.0371159068	0.0255055695	0.0685048955	0.0159209845	0.0233258261	0.18931693	-0.0846909223	0.0410694839	-0.0504711351	-0.0319955935	0.023144035	0.0060007818	0.0960378828	0.0589102875	-0.0819957377	0.0458831893	0.024551413	-0.057724371	-0.1132520717	-0.1107684846	-0.0041184147	-0.0852316124	0.022898945	0.0998325131	-0.0167879697	0.0301680726	0.0254349628	-0.0365861906	-0.0293390082	0.0790361235	-0.0049133552	0.0458250912	-0.0474320814	0.0120595565	0.0546825634	-0.0178578873	0.0255558283	-0.06672518	-0.0210864278	-0.0240944391	0.0309816736	-0.0044985426	0.0103852205	0.1287295553	0.1083596666	0.1134794031	0.0425044537	0.0782907735	0.0168870486	-0.0525182979	-0.0970388015	-0.00157195	-0.00440616	2.4710268025e-06	1.94142459456e-05	0.0379757	0.03496879	0.00144215379049	0.0012228162740641	0.184979	0.021803	0.000475370809	0.034217230441	0.000221541	-0.0004282789999999	1.8342290184099998e-07	4.9080414681000004e-08	5.23916e-05	8.406600000000002e-06	2.74487975056e-09	7.067092356000003e-11	-0.000234248	0.0	0.0	5.4872125504e-08	0.0
274.7544648198676	-0.1021808268515656	0.0104409213760696	75490.01593845188	393.6548188191506	0.2671757324864643	154964.1163795383	0.0713828720296787	288.20812234799087	0.2337372123348018	83063.92178735447	0.0546330844300442	299.34101328098524	240.14519522600503	1.144475	22.31996	0.0898701	0.053013	0.0930269514	0.0145260148	0.0513112489	-0.0655459144	0.0427720605	0.0378655372	0.0809699309	0.1006106913	-0.0305168531	0.0695951235	0.0097696138	0.0508219311	-0.0516058453	-0.1020049527	0.0269273668	-0.0604644192	0.1114603195	0.042342116	0.0018976058	0.0760464056	0.0248306344	-0.1104086978	-0.0458744518	-0.0196618875	-0.1574590478	-0.0820163266	0.1200462499	-0.0371691806	0.0841265467	-0.1263696189	-0.127787888	0.094323255	-0.0765938285	-0.027693068	-0.0235817418	-0.0719168276	-0.0473184871	-0.0465244091	-0.0805881205	0.080912635	0.0204322898	0.1118517866	-0.0132068248	0.0539331985	-0.0435137775	-0.0093974112	-0.0780964515	0.0048294379	-0.0933986358	-0.0615423085	0.1281810032	0.0227638815	-0.0183924586	0.0477012448	0.0368359103	-0.0285724539	0.0734801285	0.0511961039	-0.0278515328	-0.1415468792	0.0957941548	0.0814304034	0.0126022472	0.0550259224	0.0114189539	-0.0638614649	-0.01862729	0.0309317086	0.0162610219	-0.0735527689	-0.0609986207	0.1001604059	0.0351257064	-0.1077820177	0.1099096773	-0.1001719896	-0.0833615709	0.0247252656	-0.0809737977	0.0626106869	0.0768492656	0.0319988308	0.12603557	-0.1444728131	-0.0688824559	0.1663896841	-0.0077674311	0.0012369333	0.0345102111	0.0902926251	0.0668960685	0.0928288579	0.0312158117	-0.0316171434	0.0615416483	0.0216576244	0.0877358575	0.0994876789	0.0384556022	0.0337927352	0.0272194293	-0.0171847428	0.10144209	-0.0353264957	-0.0027969328	0.1041445886	-0.0109342399	-0.0607175192	0.0307030308	-0.1081646084	0.0432322794	0.0162352964	0.0528545091	-0.0085976925	-0.0420790971	-0.0008175434	-0.0641800681	0.032915101	-0.0460556592	-0.0588004979	0.0434037544	-0.053524677	-0.0192596846	0.0997199971	-0.0439719094	-0.0623609284	-0.0533196162	-0.0770275477	-0.0624106442	0.1001479142	0.0287927615	-0.0940903286	-0.1266186477	-0.0557523681	-0.0093006951	0.065809447	-0.0549030104	0.0719119319	-0.0399105319	-0.0979374692	-0.1174387606	-0.0461862498	-0.0574550815	0.0435752021	-0.1120274833	0.0701792995	0.0115703921	0.0162698358	0.070935991	0.0237384407	0.0103038273	0.0148942798	0.0553714677	-0.0275425314	-0.0267170893	-0.1387559251	0.0422856564	0.0728390827	-0.0037231466	0.1348752979	-0.0958122457	0.1132421013	0.0107577995	0.0136354349	0.0580168025	-0.0032631851	-0.0065416303	-0.1266953623	-0.0504346174	0.0188595962	-0.0186345964	0.0086047226	0.0584457354	-0.0319285408	0.0329789419	-0.0216755594	-0.0119794731	-0.0499282389	-0.0154000388	-0.0495899234	-0.1232405744	0.0864345302	0.0137653166	0.0067607765	0.0130589454	0.0771837238	0.0135318513	-0.0568238659	-0.0990283447	0.0109978	0.01256975	0.00012095160484	0.0001579986150625	-0.0077230099999999	-0.0456987099999999	5.964488346009845e-05	0.002088372095664	0.203907	0.018928	0.000358269184	0.041578064649	9.286e-05	-0.000128681	1.6558799761e-08	8.6229796e-09	-7.24002e-05	-0.0001247918	5.2417889600399994e-09	1.557299334724e-08	-0.000234248	0.0	0.0	5.4872125504e-08	0.0
274.7534824542687	-0.0009823655989293	9.650421699599014e-07	75489.47612074814	394.00782194748257	0.3530031283319772	155242.16375579912	0.1246112086121623	288.2630703163767	0.054947968385818	83095.59770822433	0.0030192792297288	299.3885828716185	238.7922475169766	1.045163	20.383135	0.04147987	0.0232626	0.1193453084	0.0438639193	0.1104273583	-0.0048396316	-0.0163002286	-0.0248288036	-0.0237176805	-0.1119881411	-0.0673407694	0.094311624	0.0178832574	0.0155475317	0.1254933028	0.0526443278	0.0592194244	-0.0807681246	0.0464142375	0.0445639833	0.1484357743	0.0852776555	0.0663775136	-0.0040111645	0.0815703423	-0.0600103727	-0.0169346913	-0.0034459791	-0.0246823376	-0.023843175	0.1503123186	-0.0105833967	0.0063655739	0.0415784746	-0.101642039	0.0802146304	0.0348601936	-0.0526155943	0.0892103429	-0.0318590007	-0.022839326	0.0219113279	-0.0080544211	0.0641679577	0.1259935889	-0.1094506521	-0.0184806387	0.0411612345	-0.0260660055	0.0904407807	-0.0965524361	0.0929689417	-0.058135234	-0.0457762261	-0.0289691971	-0.0132921808	-0.0048839855	0.0327180218	-0.1416569427	0.0458524299	-0.0460506351	0.0158808148	-0.0826903263	-0.0436809089	0.0410346223	0.0176339619	0.0021585235	-0.017286723	0.0334184329	0.0057255545	-0.0237239562	-0.0527740989	-0.1344805629	0.1228924287	0.0390671161	-0.0324186958	-0.0363205095	0.0281246868	0.0210364398	-0.0374472644	0.1430640921	-0.1071616422	0.0128589253	-0.0270103351	-0.106173348	-0.0366922668	-0.104322555	0.0352818465	-0.0087852721	-0.0755768514	-0.0431911978	-0.0984634602	-0.0001609044	0.0091287899	0.0143845597	0.0125539388	-0.0076597812	-0.0024849259	-0.1319410407	0.1006164525	-0.034861919	-0.0432221582	-0.0557202178	0.03195564	-0.0609032876	-0.040186955	-0.0230107745	-0.0664877106	0.0961150065	-0.0619677779	0.0197477417	-0.2136358893	0.021389602	0.1196137271	-0.0486242719	-0.0101228641	-0.0033441782	0.0317724556	0.0453369667	0.0344976087	0.0503863277	0.023050411	0.0481563214	-0.0862561186	-0.0057709573	-0.0434263958	0.0705521433	0.0438493467	-0.0232264499	-0.0411348768	-0.0544421066	-0.0831970976	-0.0649494173	0.0301948392	-0.0440640982	0.0408142891	-0.0897330077	-0.0246446925	-0.1125680966	0.0121988282	0.01820073	0.0676763396	-0.0389589897	-0.1067295158	-0.1442412941	-0.0124648379	-0.0104868318	-0.1708700393	-0.0294358465	0.1490779946	0.0197596565	-0.0655212284	-0.0696048951	-0.0376712842	-0.0836145114	-0.0080532383	0.1101515942	-0.0210543091	0.0644396994	-0.1014338753	0.0771671606	0.0625469424	-0.0567347129	0.1112387131	-0.0655779798	-0.0732965379	0.0645546223	-0.0561370515	0.0314996832	-0.0367404749	0.0500920916	0.02950645	-0.0189643108	0.001708324	0.0360430837	-0.0139414027	0.0076507775	-0.0754047375	0.0548114972	-0.0460021762	-0.0240758711	0.014287049	-0.0305068564	0.0727592525	0.0325882842	-0.0873070494	-0.0299925324	0.0760555728	0.010161857	-0.0609896438	-0.1005848622	0.0110005	2.6999999999995777e-06	0.00012101100025	7.28999999999772e-12	0.00924645	0.0169694599999999	8.54968376025e-05	0.0002879625726915	0.187594	-0.0163129999999999	0.0002661139689999	0.035191508836	-1.94644e-05	-0.0001123244	1.261677083536e-08	3.7886286735999997e-10	-0.00012397	-5.15698e-05	1.5368560899999998e-08	2.6594442720399997e-09	-0.000234248	0.0	0.0	5.4872125504e-08	0.0
274.8956734593867	0.1421910051180361	0.0202182819364773	75567.63128668978	393.8127029525649	-0.1951189949176637	155088.44500680512	0.0380714221776792	288.3274818546463	0.0644115382696099	83132.73679264139	0.0041488462622574	299.3898248974836	242.1065964422889	1.113187	21.709774	0.0530726899999999	0.0316952	0.1049781868	0.0508415128	0.0627831612	0.0392819946	0.0654774816	0.056280706	-0.0231620464	0.0964043582	-0.0738396183	0.0922255009	0.0989640029	0.0110759277	-0.0177850954	-0.0391570546	-0.005489627	0.0283276723	0.0437063681	-0.0397891443	0.0139123871	0.0166892883	0.0819626051	0.1120563222	0.041773696	-0.037494896	-0.0398231841	0.0600358399	0.060448852	-0.0134271449	0.11371585	-0.0223966989	-0.0830848591	-0.0533788284	-0.0011306679	-0.021852235	0.044235825	-0.0349097271	-0.0500609425	-0.0687850211	-0.0323709912	-0.0283378113	-0.152933902	0.1187878229	0.1133322746	-0.1199211751	0.0584424879	0.0250158314	-0.0882634361	-0.1120448466	0.0118376661	-0.0679739911	-0.1466132298	-0.0305148308	0.0173811609	-0.0753837869	0.0182223854	0.1392314465	0.1136227931	0.0391333098	0.0057473159	-0.005733153	-0.0243286806	-0.0287364446	-0.0725546411	-0.0503935172	0.045367579	0.0549396882	-0.1465285048	-0.0844349536	-0.0664257311	-0.0237100264	-0.0203159841	0.0455454486	0.0511790248	0.0074054334	-0.196752525	-0.1126562516	-0.1018992871	-0.0653032472	0.0322865759	-0.0289276673	-0.064749145	-0.0515263647	0.1203534985	-0.1244701643	0.0281531343	-0.0147292845	0.0244816911	0.0385022467	0.0647352839	0.1378163125	0.0183409705	-0.0939170035	-0.0378868827	0.0619869203	0.0673542159	-0.072378966	-0.0155956681	0.0945199359	0.0487194834	-0.046344533	0.0742619766	0.0035707611	0.0231773732	0.0691335002	-0.1306827956	-0.0166378652	0.0225358549	-0.1047126654	-0.0126159535	-0.0666639934	0.1173318874	-0.0461413458	-0.1588847822	-0.0724872421	0.1105615203	0.0072537305	-0.0366445311	-0.0035834522	-0.0667447343	0.0123981169	0.0653818944	0.0831896239	0.0144223123	-0.0447664907	0.0793653988	0.1188348734	0.12711483	0.0311221943	0.0480607376	-0.0094991987	0.0341664888	-0.0163349697	-0.1481970545	0.0407453218	-0.0760434097	-0.0097322688	-0.0927963279	0.086442572	0.1213608227	0.0164686615	0.0070012134	0.0609613324	0.0461911425	0.0223996287	0.0748374639	0.078802789	-0.0166536399	-0.1117735578	0.092773087	-0.1260487598	-0.0132316456	0.0757624617	-0.0625144459	-0.0013720611	-0.0735561231	-0.0191488593	0.1216663262	0.0884003016	-0.06065005	-0.2146826232	-0.0095141618	0.1247609229	0.0285541343	0.1199361096	0.060445058	-0.0537159019	0.0167954312	-0.0307081387	0.0702555905	0.0381185171	0.051734196	0.0263385223	0.0246870577	0.0220203772	-0.0378970388	-0.0719466541	0.0581353303	0.021696554	0.008194185	0.0235719947	-0.0270879397	0.0341771661	-0.0077703624	-0.0030542162	-0.0073580054	0.074906629	0.0067807509	-0.0650053833	-0.1017015476	0.00689353	-0.00410697	4.75207558609e-05	1.68672025809e-05	0.0179732	0.00872675	0.00032303591824	7.615616556250004e-05	0.210753	0.0231589999999999	0.0005363392809999	0.044416827009	-0.000332529	-0.0003130646	9.800944377316e-08	1.1057553584100001e-07	-9.54352e-05	2.85348e-05	9.10787739904e-09	8.142348110399997e-10	-0.000234248	0.0	0.0	5.4872125504e-08	0.0
274.8812738746929	-0.0143995846938196	0.0002073480393544	75559.71472697394	393.541907741921	-0.2707952106438824	154875.23314915068	0.0733300461076646	288.4644073026613	0.1369254480150061	83211.71428047567	0.0187485783141101	299.58428038911023	239.0610100388269	1.11009	21.649372	0.076467775	0.0429106	0.0918494494	0.0658005332	0.1263114295	-0.0133445274	-0.0198617629	-0.0359701872	0.0077717195	-0.0305428146	-0.1270223277	0.0493796872	0.0622320431	0.0470528357	-0.0242340086	0.0395675361	-0.0443267937	0.0244638717	-0.0667682308	0.0386932968	0.0340277053	0.0091116106	-0.0387235636	-0.0104966865	-0.0184050524	-0.0027625452	0.1317359932	-0.0504460248	0.0721366141	0.0023448689	-0.0087331029	0.0581577295	-0.0329666309	-0.0820832718	-0.0671371778	0.0301177916	-0.0023759959	0.0259136143	-0.026484101	-0.0973574843	-0.137799701	-0.0031096671	0.0173377282	-0.0295033452	-0.0044267648	0.074363058	-0.0525103812	-0.0370759685	0.0179849388	0.0227818114	-0.0324043093	-0.080415711	-0.0513409646	-0.0844849806	-0.0729525751	0.0303649407	0.0710441017	0.0932946324	-0.091552005	0.0840205066	-0.0596223495	0.0197591288	-0.1003945555	0.0748722541	-0.1177545739	0.0479755897	-0.0584932113	0.1521547742	0.0536383602	-0.0257339226	-0.0160969764	-0.0059157802	0.0921868089	-0.0890495452	0.0215755806	-0.0610363177	-0.1163309891	0.0217573428	-0.0542112144	0.0321223835	0.0181109304	-0.0367265538	-0.0274769057	-0.0407521799	-0.0694819526	-0.1643623602	0.0460160798	-0.1395701156	0.0451969167	-0.1354664189	-0.0282686188	-0.034155021	0.0505478138	0.0699830732	-0.0955259452	0.0644171416	0.0585934776	0.0865463043	-0.0020597931	0.069162538	0.0997297579	-0.0775514034	-0.0129360018	0.0917125004	-0.0307680623	-0.0283728684	0.0351011052	0.0163494714	0.0142574274	-0.1073036833	-0.0359290055	0.0569542033	0.0210208	0.0244074994	-0.0339004798	-0.086861041	0.0550293822	-0.0451160046	-0.0290604243	0.0210499218	-0.0638200399	-0.083397347	-0.1087322741	-0.0209814488	0.0271369924	0.0472374297	0.0384327018	0.0864727289	0.0345935072	-0.0667573473	0.0501627937	0.1089947985	0.0336520893	0.0864545827	-0.0241643956	0.0611161184	0.0307063626	-0.1386247609	-0.1381719742	-0.0222561034	-0.0608459976	-0.0425391121	0.0405353635	-0.066390911	0.0232635589	-0.0108345786	0.1167635981	-0.0513910354	-0.0258456724	0.1628986141	-0.0369162539	-0.0546359533	0.0211693965	0.0444770682	-0.0873082029	0.149544708	-0.011557765	0.0733949125	-0.0095772381	0.0617734638	0.0184921059	0.0274702757	-0.0047128985	0.1050281173	-0.0340333015	-0.0603703183	0.0610777846	-0.0532903807	0.0506231203	-0.0961151045	0.0659157003	0.0179792932	0.0479678092	-0.0091300119	0.0455746973	-0.0099372326	-0.0288867204	-0.0876707511	0.1016110795	-0.0117934483	-0.0182052656	-0.0100402057	-0.0115355183	0.0167290344	0.0240024254	-0.0486997823	-0.049273122	0.0737372065	0.0033922301	-0.0688612056	-0.1023735181	0.0109832	0.00408967	0.00012063068224	1.67254007089e-05	0.00585989	-0.01211331	3.4338310812100004e-05	0.0001467322791561	0.196962	-0.0137909999999999	0.0001901916809999	0.038794029444	0.000369332	0.000701861	4.92608863321e-07	1.36406126224e-07	-7.9317e-06	8.75035e-05	6.291186489000001e-11	7.65686251225e-09	-9.41366e-05	0.0001401114	1.963120440996e-08	8.861699459559999e-09	0.0
274.97823855734845	0.096964682655539	0.0094021496824893	75613.03168010204	394.1352941437359	0.5933864018148824	155342.63008976923	0.3521074218588131	288.35043703051895	-0.1139702721423532	83145.97453569128	0.012989222932202	299.5795868387358	244.09885326537272	1.125414	21.948223	0.12644742	0.0592509	0.0783675068	0.0820974044	0.0825991971	0.0605830819	0.0580552252	0.1053261893	-0.0746213757	0.0307616599	-0.1117129788	0.1013328649	0.0558506492	0.0389895082	-0.0419612307	0.0457785499	0.0287315446	-0.0127774026	0.0716375674	-0.0627381046	0.0471107394	0.0973102695	0.0789067712	0.1201917668	-0.0961973783	-0.0625170258	-0.0582153495	0.0928883781	0.0944766483	0.0565800692	-0.0073855821	0.1102090193	0.0520559783	-0.0972129673	-0.0041919375	-0.000927113	-0.0212785746	-0.0390375283	0.0177570279	-0.0248771471	-0.2070163183	-0.0436444832	-0.1514283391	-0.0620547528	-0.0489375447	-0.0194333914	0.0933804721	0.0414825662	0.0176028516	0.0504814011	0.0862289562	0.1402368102	0.1437196899	-0.058339575	-0.0769316116	0.0247032208	0.0165252832	-0.0006022498	-0.0277635114	-0.1230784136	-0.0225056782	-0.0008245503	-0.1355008267	-0.0103838345	0.1709469428	-0.0045870601	-0.0120903135	-0.074810397	0.0153254529	-0.1021117487	-0.0293720719	-0.1744067016	-0.0857427538	-0.0305801823	-0.089995565	-0.0252510387	-0.0426162733	-0.029431367	-0.0434210433	-0.0162108003	0.0346055512	0.0400185371	0.0180449662	0.0187238076	0.0421670908	0.0043629496	-0.0807092105	-0.0716435576	0.06901098	0.0033209104	-0.0673112278	-0.0203026444	-0.0539249585	0.051633158	0.0602293019	-0.0328001678	-0.0418887649	0.0107028878	-0.0193833697	0.1060546652	0.0614398621	-0.0702164602	0.0617472802	0.0484715114	-0.0851211109	0.103404788	-0.0141837728	-0.0656545985	0.0628203337	0.0108111599	-0.0584263937	-0.0057646823	-0.0550394204	-0.0280037733	0.0319404416	0.1932320193	-0.1667970727	-0.0134743785	-0.0451489457	-0.0793193036	-0.0843856632	0.0354627446	0.0309521318	-0.0933893665	-0.0359181403	-0.1004034559	0.1274331756	-0.0231925317	-0.018709722	0.0056623083	-0.0063427222	0.0168848188	-0.0007491934	0.108608154	-0.057406614	0.0191069984	-0.1095888086	-0.0099395098	0.103146214	0.0204346926	0.0556929027	-0.0145276876	-0.0388035514	-0.0699444657	0.0001593591	-0.0073422901	0.0428646857	-0.0664800234	0.1493040521	-0.0154823883	-0.0260990256	0.0227417461	0.0703170563	0.0290425294	0.0094870272	0.0398169547	0.0641113025	0.0335411767	0.0240509083	-0.0106978517	0.086867876	0.0280609594	-0.0209250796	0.1089942519	-0.0478540959	0.0635445758	0.0762511158	-0.0462957389	0.0215087483	0.0274423344	0.1075128552	0.0621467133	0.0193080719	-0.0095786414	0.0894537856	0.0259794347	-0.0010443108	-0.0915875434	0.0278863504	-0.0004178653	-0.075327775	0.0511798328	-0.0217934756	0.0217135848	0.0293503541	-0.0325351537	0.0462996574	0.072547625	-0.0	-0.072547625	-0.1025978352	-0.000704255	-0.011687455	4.95975105025e-07	0.000136596604377	0.0436368	0.03777691	0.00190417031424	0.0014270949291481	0.216723	0.019761	0.000390497121	0.046968858729	-0.000281596	-0.000650928	4.237072611840001e-07	7.9296307216e-08	0.000229313	0.0002372447	5.258445196900001e-08	5.628504767809e-08	-0.000350405	-0.0002562683999999	6.567349283855999e-08	1.22783664025e-07	0.0
275.151431323175	0.1731927658265704	0.0299957341346572	75708.3101591919	393.1299944863388	-1.0052996573971311	154551.19256482876	1.0106274011627896	288.4438411688924	0.0934041383734438	83199.84950826522	0.0087243330652854	299.43783900263696	241.33638923484912	1.099987	21.452324	0.093430555	0.0667964	0.0653016187	0.070067231	0.1218835779	0.011133925	0.0226792615	0.0323682549	0.0965120307	0.088429132	-0.1044167978	0.0895978174	0.0326745794	-0.0151014626	-0.060070525	-0.0667897791	-0.0846149699	-0.1064232775	-0.0092690929	0.00871953	0.0685317159	-0.0513155756	0.032522209	0.0826854924	-0.0016975112	-0.1450073575	0.0624172415	0.0757301662	0.0135272528	-0.0377415617	-0.0611037817	-0.0230689938	0.0416993066	-0.0364027408	-0.0105327634	0.1351606519	0.0386630693	0.0038692499	-0.0341696068	-0.0495954569	-0.1906758392	0.0994806576	0.1086659399	-0.0271526363	-0.0153519193	0.0324286543	0.0957038469	-0.0155719792	0.0097334561	-0.0688985012	0.139782332	-0.0313738305	-0.0808284759	0.0265611935	0.0456144092	0.0707406779	0.1059505726	0.0498963721	-0.0005365094	0.1129828837	-0.0517651996	0.0162723459	-0.0278151147	-0.0536317416	0.0263060787	0.0333439197	0.1149371773	0.0176249089	0.0641990572	-0.0914045618	-0.0213719181	0.0551254274	-0.0779558751	0.0243874701	0.1121496978	0.0096976488	0.057520001	0.0778863369	-0.0091748946	0.0378365949	0.0041676893	0.0472435828	-0.001819468	-0.0153851819	0.1020686171	-0.1527265084	-0.0874703651	-0.0634287671	-0.032974962	0.0821011961	-0.0148914657	-0.0010393633	0.1143964268	-0.0390182032	0.1099624811	0.0679297149	0.1849284674	-0.0831604869	0.1025756825	0.0891887669	0.1002346059	-0.053279889	-0.0370458548	0.1175243508	0.1181384366	-0.0423335429	-0.0227700812	-0.0358706199	-0.0187263194	-0.0723910857	-0.0543868613	0.1147733881	-0.0843290646	-0.102795339	-0.0387475882	-0.0153384212	-0.0361360809	-0.0838504292	0.0012832726	0.0412129987	0.0052690848	-0.0999647457	0.0874418649	0.0250435693	-0.0474750021	0.002393478	-0.0491779222	-0.0059072078	-0.0078834531	-0.0378098981	-0.1090599428	-0.0925864399	-0.0676791697	0.0608102908	-0.0484411017	0.0773618808	-0.1551626949	-0.0427131889	-0.0971945926	-0.016070793	-0.0306480399	0.0024013964	-0.0363517953	-0.0023135278	-0.015127541	0.0525647001	0.0183313222	0.026279146	-0.033878022	-0.027490133	0.0034331368	-0.0140840862	-0.0436650741	0.0507537896	-0.0460647383	0.0547177481	-0.0188261766	-0.093332694	0.0618495263	0.0397551859	-0.1080258169	-0.0125081879	-0.1717599172	0.1158683341	-0.012398111	-0.0051569677	0.0803309889	0.0023790687	0.0092228214	-0.1633615626	0.0169482396	0.0379580112	0.004887164	-0.0436601637	0.0806897458	0.0028479371	0.0135692058	-0.0077272536	-0.0081853647	0.0404634325	-0.0265976278	0.0512443689	-0.0540432038	0.0207120608	-0.0328270589	-0.0573557241	0.025254638	0.0713382097	-0.0033922301	-0.0760555728	-0.1023735181	-0.00639306	-0.005688805	4.08712161636e-05	3.2362502328025e-05	-0.0214548	-0.0650916	0.0004603084430399	0.0042369163905599	0.215865	-0.0008579999999999	7.36163999999996e-07	0.046597698225	0.000141272	0.000422868	1.78817345424e-07	1.9957777984e-08	0.000229313	0.0	5.258445196900001e-08	0.0	-0.00033743	1.2974999999999977e-05	1.683506249999994e-10	1.138590049e-07	0.0
275.10461367371937	-0.0468176494556473	0.0021918923005518	75682.54846456638	393.75192068144014	0.6219261951013664	155040.57504032314	0.3867921921532628	288.4951500150039	0.0513088461115103	83229.45158217961	0.0026325976892946	299.32487348171725	242.26562275656872	1.019626	19.885109	0.076956115	0.0562127	0.0675688305	0.0912087479	0.136981123	0.0233590825	0.0164297152	0.0585499487	-0.0323893995	-0.0674203351	-0.1391147632	0.0292183192	0.0292225826	0.0568560051	0.0354724646	0.1172255017	-0.0420143621	-0.0396775557	0.0167673952	0.0227144273	0.0145951112	0.0237385518	-0.0186590027	0.0468234047	-0.010596987	-0.0133174629	-0.0462911228	-0.0082829603	0.0473148171	-0.1147714558	-0.0330111695	-0.0082195564	0.1195235775	0.0313380876	0.0603270507	0.0223513401	0.0018955764	-0.0041900618	0.0880820492	-0.0495581576	-0.074449609	0.0631075251	0.0752417894	0.1027712941	0.025567909	-0.0151311093	-0.0046790416	0.0867295787	-0.1612257419	0.1216454365	0.1066505761	0.0386224548	-0.0553568432	0.0155483024	0.1137810191	-0.070501122	0.0805855212	-0.0424487118	-0.0742731231	-0.0253540698	0.0506261219	0.0657880521	0.0096391212	-0.1125754254	-0.0171133552	0.0747469001	-0.0102140352	-0.0800398247	-0.0451763792	0.0432651143	-0.0644754018	0.0675319528	-0.0494962153	0.0011206112	0.023612362	0.0239212823	0.055429328	-0.0517555452	-0.0094597115	0.0581971704	-0.1517739057	-0.0340488504	0.0578505962	-0.1350286167	-0.0061070061	0.0099382033	-0.1136026268	0.1334372232	0.0443126956	-0.0309244585	-0.062448091	0.0717607975	-0.0381491894	-0.0096029117	-0.0110676634	-0.0792544475	0.0966281645	-0.0703528961	-0.0171513348	0.1127240693	0.0207412145	-0.1091060883	-0.0631344414	0.0566805099	-0.0493864539	-0.009320223	0.0077852996	-0.0311222354	0.0227518619	-0.1564610251	-0.0047425851	-0.0784448726	-0.0857111689	-0.0372624064	0.0889340546	-0.0149407771	0.0664250712	-0.0838400752	-0.061118441	0.0419704714	0.1323166101	0.0193198557	0.013331334	0.0192383744	-0.0711375277	-0.072163344	0.0190353887	-0.0794535757	-0.0292184568	0.1101404425	-0.0472307004	-0.043918856	-0.031658667	-0.0198573599	0.0937659082	-0.0316189942	-0.0304686889	-0.0153088419	0.0505546954	0.0743465416	0.0492829306	0.0105223055	-0.0352921336	-0.0729776514	0.0161897768	0.099620345	-0.0324493872	-0.0290930598	0.0789208064	-0.0111463853	-0.0121954824	0.0026174701	0.0262826749	-0.032232102	0.0822713227	-0.1065353895	-0.1258401772	-0.0725243962	0.0443000378	-0.1169097468	-0.0278508944	-0.1238298517	-0.0399221321	0.119609374	-0.0778684154	-0.0669585305	0.0738196214	-0.0646864341	0.0103361708	0.0157643513	0.0907813588	0.0704426376	-0.0440908187	-0.0052364866	0.0921742585	0.0349348843	0.0093408818	-0.0506947002	-0.0735625556	-0.0037111273	-0.0136368201	0.0933178481	-0.0112015144	-0.0584534436	-0.0015993358	-0.0378746302	0.0112451216	0.0701092912	-0.0067807509	-0.0793764193	-0.1017015476	-0.00639392	-8.600000000000968e-07	4.08822129664e-05	7.396000000001665e-13	0.0333318	0.0547866	0.00111100889124	0.00300157153956	0.228154	0.0122889999999999	0.0001510195209999	0.052054247716	4.68609e-05	-9.44111e-05	8.913455803210002e-09	2.19594394881e-09	0.000229313	0.0	5.258445196900001e-08	0.0	-0.000234248	0.000103182	1.0646525124e-08	5.4872125504e-08	0.0
275.1193725160267	0.0147588423073443	0.000217823426253	75690.66913361227	393.2676594659088	-0.484261215531319	154659.45198179403	0.2345089248678706	288.47141701146955	-0.0237330035343461	83215.75843260517	0.0005632554567612	299.3513155586873	243.45292284698272	1.090846	21.274065	0.086043825	0.0503802	0.0682355586	0.0493678796	0.1031525646	0.0435346941	0.0956202242	0.0617130457	0.046532501	0.1387949299	-0.0761165786	0.1087939673	0.0493265288	0.0106171721	-0.0714546956	-0.0479043554	-0.0238757007	-0.0065611153	0.055903392	0.0212203116	-0.027128798	0.027756806	-0.0549768606	0.082501809	-0.0490417596	-0.0931855516	-0.039370386	-0.0239720618	-0.0905956705	-0.0122706483	-0.0696926125	-0.0611605193	0.1039317148	0.0280460995	-0.134957704	-0.0095048471	-0.0313009271	-0.0294088438	-0.1588175586	-0.0583067106	-0.1328490304	0.111920306	-0.0982195787	0.1451341325	0.0752799228	0.0154032838	0.015961325	-0.0384122916	-0.1014458067	0.0464032719	-0.0434439995	0.0567262629	-0.0004135913	0.1315465224	-0.0575589404	0.0783219408	-0.0005261961	0.0008208448	-0.0168978592	-0.0624709771	-0.0142002576	-0.0999194173	-0.0452532786	0.1314570196	-0.0402124733	-0.0121913389	-0.0748194119	-0.0851592732	-0.0193415742	-0.073652172	0.0437104963	0.0643199488	0.0722774134	-0.0215740576	-0.0045163821	-0.0739941457	0.0698435841	-0.0108956153	-0.0319917142	0.0233912219	0.0038092464	-0.004086606	0.0252356431	0.0022404167	0.0843490286	0.0382076014	-0.004786496	0.0849089715	0.0640995612	0.028857613	-0.0556354599	0.063806247	-0.0106341192	0.0217157842	0.0832707101	-0.0610508233	-0.0681130929	0.0158196681	-0.1086217021	0.1170075331	0.1097341683	-0.0181039275	0.0696688438	-0.0070692758	0.1517661999	0.0603334463	-0.1024046285	0.0170866563	-0.0009965859	-0.1390333289	0.0280757303	0.0104430394	0.0556431205	0.0485904242	0.0358762823	0.0488647528	0.1371301111	0.0133946047	0.0219061371	-0.0739101838	0.0197423898	-0.0205237644	0.0247715964	-0.0345162376	-0.0298970125	0.0728007277	0.0507443122	-0.0112681209	0.0392870452	0.0291186357	-0.0747694794	0.0430006102	0.0127823447	0.1019090003	-0.0658782016	0.0107114825	-0.0194248946	0.1318439146	0.0953403654	-0.0167493381	-0.0016524632	-0.1326536104	-0.005835369	-0.0539459787	-0.023108016	-0.0566770731	-0.0264990971	0.023374669	-0.0393085291	0.023559066	-0.0380947879	0.0946739623	0.0175675629	0.0421440192	0.2079715799	-0.0426708614	0.0312738302	0.0472242666	0.0128580792	-0.0540942503	0.0419696232	0.027098123	0.0008690411	0.1388809501	0.0260102814	0.1234275188	0.0807629695	-0.0274369415	-0.0046431698	-0.1022422734	0.024828996	0.0808320601	0.0066471377	-0.0084521641	0.0595806201	0.0831765288	0.0060527469	0.0002470685	-0.0554250125	0.0500156545	-0.022777447	0.0440115836	0.0194109092	-0.0141618355	-0.0072868869	-0.0603292213	0.0201196687	0.0688612056	-0.010161857	-0.0825019948	-0.1005848622	0.00135533	0.00774925	1.8369194089000005e-06	6.00508755625e-05	0.00256352	-0.03076828	6.5716347904e-06	0.0009466870541584	0.252813	0.024659	0.000608066281	0.063914412969	-0.000410485	-0.0004573459	2.0916527224681e-07	1.68497935225e-07	0.000229313	0.0	5.258445196900001e-08	0.0	-0.000234248	0.0	0.0	5.4872125504e-08	0.0
275.1682427371405	0.0488702211137592	0.0023882985117077	75717.56181104586	393.6687142870189	0.4010548211100513	154975.0566083945	0.1608449695356152	288.2725616658198	-0.198855345649747	83101.06980937389	0.0395434484934803	299.33299894566625	240.32109518681503	1.109152	21.631067	0.06353099	0.0331784	0.0741828288	0.0583903017	0.1278409402	-0.0223901459	0.0090545251	-0.0161110047	0.0122448521	-0.0548418849	-0.1228818666	0.0268286511	0.0330405949	0.0511713254	0.0411288111	0.1183239467	-0.0536793839	0.009956062	-0.0453123505	-0.0246692457	0.1455169546	0.0969178749	-0.1411934504	-0.0483785753	-0.0034286271	-0.0374889044	0.0158098326	0.0521546954	0.0920368609	-0.0853439233	0.0818267711	0.0952881149	0.1619606709	0.0186993371	0.0485288919	-0.0234421043	-0.0352081605	-0.0848166504	0.0130838566	-0.1664421663	-0.0878751584	0.0259601187	-0.019241312	-0.0215589191	-0.1039284619	0.0593586866	-0.0029902662	-0.0305467909	-0.0100896772	-0.0773920136	0.0493779132	-0.0544038299	-0.0923613168	-0.0196692946	-0.0068981822	0.0777423689	0.1137351848	-0.0475740706	-0.0670366145	0.1232231448	0.0094268105	0.044289676	0.0309166379	0.0303257518	-0.0347417327	0.0525992394	0.0612889402	-0.0627350678	-0.0017134762	-0.0524250018	-0.0424867632	-0.0102805304	-0.0419357392	-0.102917366	-0.0561885783	0.0696848897	-0.0427880786	-0.0239952514	0.0099254567	-0.100736306	-0.0409146856	-0.024413163	-0.0117780477	-0.0687290939	-0.1200218721	0.0293938403	-0.0874391589	-0.0200575918	-0.164689126	0.0064642964	-0.0341651065	-0.1067382876	-0.057444055	0.145935361	0.0054431769	-0.0487460129	0.0604889442	-0.0209081582	-0.0359422101	0.1363232697	0.1014868421	-0.0752037543	-0.0574654953	0.024627179	-0.0286641338	-0.0571571409	-0.0682713197	0.0034280447	-0.0195078413	-0.0326552301	0.003013444	0.0874323197	0.047483922	0.0281841251	-0.0301400632	0.04976358	-0.0027175685	-0.0841423695	-0.0670164047	-0.0038060298	-0.1022488463	-0.0708827211	-0.0395619931	0.1088665337	-0.0740434723	0.0579554278	-0.0625842315	-0.0006004677	0.1045369851	-0.0431438656	-0.0016109288	-0.0946253554	0.0317519511	-0.0226268014	0.0685155536	0.0782640924	0.0282588262	-0.1485834749	0.0475020117	0.0288755217	-0.0714152205	0.1014872398	-0.1051207053	-0.0740012124	0.0573194686	-0.1276981448	-0.0221609096	0.0069555763	-0.0651214952	-0.0121234449	-0.0143463809	-0.05464001	0.0239245724	0.0321039589	0.0971933996	-0.0460697147	-0.0188973383	-0.0578698109	-0.007465223	0.017085836	0.0361872291	-0.0277529001	-0.0172738887	0.1202147429	-0.0724643458	-0.0729117463	0.0660704615	-0.0364285998	0.0051968486	-0.0979338897	0.011185235	0.0886424768	-0.0121108592	-0.0224608589	0.0273810148	0.0942449347	0.0861047529	0.0080702333	-0.0835655843	0.0336671113	0.001676381	0.0580685546	0.0137302449	0.0205268111	-0.0504646669	0.0113680327	-0.0596870838	0.0675942939	-0.0135318513	-0.0854246103	-0.0990283447	-0.00637369	-0.00772902	4.062392421610001e-05	5.9737750160400006e-05	-0.0226075	-0.02517102	0.00051109905625	0.0006335802478403	0.235286	-0.017527	0.000307195729	0.055359501796	-0.000253357	0.0001571279999999	2.468920838399999e-08	6.4189769449e-08	0.000124362	-0.0001049509999999	1.5465907044000004e-08	1.1014712400999998e-08	-0.000234248	0.0	0.0	5.4872125504e-08	0.0
275.20326377464784	0.0350210375073629	0.0012264730680921	75736.83639221839	393.67899027673	0.0102759897111468	154983.1473853057	0.0001055959645435	288.1012080839224	-0.1713535818973923	83002.30609941557	0.0293620500290663	299.1724507601568	245.4904608480969	1.185539	23.120796	0.08100477	0.0445591	0.0584393871	0.0257004579	0.058009907	0.0370170968	0.1317353388	0.1240041726	-0.0559748007	0.0686941002	-0.0767868953	0.085051116	0.0494937001	0.0294756175	-0.0772378852	0.0497119029	-0.0045899972	-0.0228813472	-0.050122696	-0.0669062739	-0.1277270712	-0.0060991929	-0.0133162145	0.0034852239	-0.005097014	0.0339814037	-0.0058312197	-0.0137949625	0.0820129664	0.1075088984	0.0615374886	0.0848264456	0.0544218752	0.0192028107	-0.0060486176	-0.0448461806	0.0482668522	-0.0486470769	0.0007861543	-0.1392013055	-0.0016989701	0.0331667072	-0.0973062084	0.1025707929	-0.0517686196	-0.0870482939	0.0458926994	-0.001157563	0.0498276008	-0.0312040826	0.0211483229	-0.0088158784	-0.0654138395	-0.0426435136	-0.069518155	-0.1486585514	-0.0409660207	-0.0611693804	-0.0124259556	-0.1157236984	0.1512277271	-0.1099123275	0.0184705918	0.0478548491	-0.0120940474	0.0192123964	0.0040471109	0.0221853496	-0.0203473249	0.0115025973	0.0698108455	-0.0178823232	-0.0034654114	0.0043973079	-0.0260163255	0.1266265808	0.0677994265	-0.0139369899	-0.0336380797	-0.0205450464	-0.013931711	-0.0419807155	-0.0868007017	-0.0104180744	-0.0913366634	0.0737647175	-0.0048621766	-0.0687254406	0.068385019	-0.0731498457	-0.0692665393	0.0414704412	-0.0489837095	-0.014157336	0.0100159377	0.0614365185	0.0397425837	-0.0734577872	-0.008182832	0.1127829168	0.0187628557	-0.0606899356	0.0167166618	-0.0335273823	0.0236835019	0.0796811274	-0.1397240184	0.0567788815	-0.0174141875	0.0030995241	-0.0520338153	-0.0208234682	0.0485357425	0.1211804774	0.0218978449	0.0278899206	0.0826408287	0.0208355424	0.0617425934	-0.0241717146	-0.0323495967	-0.0729034781	-0.0192466094	0.0816915151	-0.0161007701	-0.066984519	0.0214962691	-0.0298183933	-0.0532359001	0.1133642757	0.0923334135	-0.0704718854	0.0057330561	-0.1047775133	-0.0744632363	-0.1444056938	0.0618799512	-0.0345645166	0.0571207508	0.0008264453	-0.049422305	0.0592896514	-0.0145774999	0.0626988131	0.0226076142	0.0271184742	0.051943683	-0.0159414525	0.0467445388	0.012059003	-0.0188823486	-0.049332005	0.0775757581	-0.0213999034	0.0277858061	0.0336422109	0.0274135236	-0.0074171269	0.0436097258	0.0114388337	0.0103246204	0.0247876144	-0.082618273	0.1196218208	-0.0175527705	0.0607943589	0.0588961227	-0.0519558163	-0.0126150968	0.0191055116	0.0268365723	0.1112324116	-0.0620940928	-0.017060265	0.0372765737	0.1265780102	0.102241673	0.0148525967	-0.1174441382	0.0394239296	0.0564828859	0.0376414972	0.0483618774	0.0210403601	0.0076595446	0.0552408083	-0.0237952235	0.0663089027	-0.0168870486	-0.088137076	-0.0970388015	-0.00639446	-2.0769999999999816e-05	4.0889118691600006e-05	4.3139289999999234e-10	0.0024539	0.0250613999999999	6.021625210000001e-06	0.0006280737699599	0.252825	0.017539	0.000307616521	0.063920480625	-0.000852917	-0.00059956	3.594721936000001e-07	7.27467408889e-07	0.000229313	0.0001049509999999	5.258445196900001e-08	1.1014712400999998e-08	-0.000297409	-6.3161e-05	3.989311921e-09	8.8452113281e-08	0.0
275.27931815084094	0.0760543761930989	0.0057842681381214	75778.7030015919	394.3870350900572	0.7080448133272057	155541.13344712602	0.5013274576795576	288.57259016660663	0.4713820826842152	83274.13979546432	0.2222010678757083	299.5625580104275	242.44083265588475	1.074633	20.957863	0.07123699	0.0445715	0.0270560522	0.0275241558	0.0772789867	-0.0334807465	0.0704629387	0.0241790079	0.0404307366	0.0674365715	-0.0679116118	-0.0074787287	0.0659466346	0.0617054143	-0.0665180148	-0.0507470183	-0.0255874426	-0.0679054563	-0.0014953689	-0.0632014447	0.0469108699	-0.0100090721	-0.0799516512	-0.025378201	-0.0169382642	-0.0899906291	-0.0143481825	-0.1994968513	-0.0051720737	-0.0354298807	0.0403044557	-0.0475033388	0.0576073726	0.129088175	0.0047442735	0.0915976344	-0.0135479425	-0.0393682043	-0.0465405738	0.0351360652	-0.0465210227	-0.0113362369	0.0904966516	0.0927211111	0.0418911772	-0.0117767601	-0.1147040697	0.0324196525	0.002476828	-0.0554704035	0.0377238551	0.0903124325	-0.0034830282	-0.0067663808	-0.0732560853	-0.065942367	0.0280845374	-0.0439666722	0.0435370402	0.0349571842	-0.0350933411	-0.0250084112	-0.0461846273	-0.0132533957	-0.0444568059	-0.0989491904	-0.0195680332	-0.005946655	0.1313601234	-0.0956985856	0.0987579534	0.149785524	0.0676581603	0.0018295603	-0.1124630253	0.0012029962	-0.1933581736	0.0012490472	0.1171706298	-0.0883803338	-0.0223489672	-0.0725895178	-0.0639531172	-0.0006153662	0.048587717	-0.1221338709	-0.0105144927	-0.1462175077	-0.0372791225	0.0111733231	0.055061252	-0.1069840098	-0.1071551705	0.0056675113	0.0678412585	-0.065089618	-0.047064913	0.0623348397	-0.0692769306	0.0391101394	0.0651056641	0.0235824343	0.0580669805	0.0088590023	0.0359217121	-0.0605419688	0.0016670314	0.0153067338	-0.0504412371	-0.1121999197	0.0531910785	-0.0236752528	-0.0862178226	-0.0018366309	-0.0503021698	0.1369929462	-0.0055174073	0.047825897	0.1024758165	-0.0565394364	0.0641414115	-0.0647015667	-0.0449202874	-0.0701435539	0.1630098937	-0.0156582385	-0.0410866083	0.0094361528	0.1213540454	0.0571350703	0.0830796042	0.041439035	-0.0974640413	-0.0228538482	0.0831520275	0.1075937436	0.0807447242	0.0440262787	0.0020159396	-0.0076734297	0.0219322179	0.0286328515	-0.014709041	0.0393073802	-0.1199879649	-0.0581594686	0.1813677789	-0.0067961015	-0.0420884549	-0.0368461596	0.0053100337	-0.0609769494	-0.0393255059	0.1597407039	-0.0118516807	0.099373853	-0.0063125941	0.0072807368	-0.0045674716	0.0500645027	0.0385292962	0.0161279429	-0.0274039287	0.1030878669	-0.0027653706	-0.0016626986	0.0528042803	-0.0141546969	-0.0188520631	-0.1304928845	-0.0201640644	0.0534719119	-0.0443615789	-0.025323646	0.0677069674	0.046240174	0.0954422778	0.0415173627	-0.0956780474	0.0218668442	0.1027413788	0.0213687277	0.0443159546	-0.0262853711	0.0435722813	-0.0357376015	-0.0400017902	0.0650053833	-0.0202237803	-0.0906327191	-0.0946249323	-0.00639392	5.400000000002625e-07	4.08822129664e-05	2.916000000002835e-13	-0.0145879	-0.0170418	0.00021280682641	0.00029042294724	0.237645	-0.01518	0.0002304324	0.056475146025	-0.000135785	0.000717132	5.14278305424e-07	1.8437566225e-08	0.000229313	0.0	5.258445196900001e-08	0.0	-0.000234248	6.3161e-05	3.989311921e-09	5.4872125504e-08	0.0
275.0227463645839	-0.2565717862570409	0.0658290815031286	75637.51101791824	394.13779033556847	-0.2492447544887568	155344.59777060454	0.0621229476401606	288.456990160316	-0.1156000062906059	83207.43517234866	0.0133633614543881	299.4242290139468	243.3701811878533	0.994944	19.403751	0.06418283	0.0304042	0.0517142723	0.0426859986	0.0898448785	-0.0041937122	0.0894927868	0.0432125854	-0.0423681349	-0.0756395718	-0.0516332364	0.032817518	0.0758668835	0.0827095671	0.0348709278	0.0387524357	-0.1081822302	-0.0244143015	-0.0314789697	-0.0646745762	0.0293943211	0.0941205341	-0.1103637613	-0.0615307627	0.0697154642	0.0486690902	0.0540278285	-0.1298193283	-0.0340845497	-0.0606073298	-0.0405765883	-0.0111236215	0.1308320167	-0.0392430725	-0.1944142984	-0.0239526151	-0.0839470659	-0.042219405	0.0034342035	-0.1182864108	-0.038969378	-0.0036337192	-0.0060667204	0.0800520428	-0.0331921633	0.0829008432	0.0125178062	-0.0487173228	0.0299667917	0.0889355601	0.0374378891	-0.0256379589	-0.0403291124	0.0519934815	-0.1102107382	-0.0018243939	-0.0111351203	-0.0359829364	-0.0678979982	0.0441395736	0.1055429977	-0.0908369089	-0.0142236293	-0.1195527159	-0.0327548079	-0.0275794438	0.0621259732	-0.0341189408	-0.014816787	0.0615017433	-0.0669120674	0.0707786445	0.0563927252	-0.0460013726	0.104139429	0.0481875195	-0.1119337768	0.1365236708	0.0411602127	-0.1541966216	-0.1692984025	0.0462191586	0.0020612826	-0.0200552727	0.0131007123	0.0441025768	-0.0404003659	0.0108410548	-0.0959894193	-0.0275818491	0.003525005	-0.1080347744	-0.00861584	-0.1055459902	0.099760775	0.0813886696	-0.1192601611	-0.0145125002	0.017721039	0.0928489097	0.022708329	-0.0537532254	-0.0225611008	0.0452729388	-0.0214102793	0.0113578487	-0.082441519	0.0296394026	-0.0487243694	-0.0788236255	0.0417639359	0.0837169977	0.0322219661	0.0562021348	0.1741450554	0.0168670972	-0.0109796659	-0.0543371864	0.1016213496	0.010307518	-0.0044606668	-0.100360088	-0.0828435401	0.0645644941	-0.0157155323	0.1460789983	0.0813538023	-0.0045276551	-0.0143961637	0.0303262393	0.0246218817	-0.2407351707	0.037524656	-0.0602327716	0.0002487733	-0.0041719523	0.0546136211	0.0580471576	-0.0133493231	-0.0284767457	-0.0267159277	0.0700060903	0.0833562424	-0.0172156296	0.0015453509	-0.0841374764	0.0984743662	-0.0239873857	0.0691636575	-0.0427250964	0.0106426507	-0.0134745725	-0.0279845477	-0.1653561829	0.0051746076	0.0633472083	-0.0677067771	-0.0441702825	0.0088511745	-0.1121543749	-0.0119230206	0.1165468533	0.0494690964	0.1080741594	-0.0482077268	-0.0471311499	0.0505971481	-0.0586223951	-0.0088788749	-0.0405733287	0.009334466	0.1017287087	-0.0492442021	-0.0087561753	0.0567040238	0.0821374372	0.0767730883	0.0439443067	-0.108616256	0.0020467371	0.0752573218	0.0187387999	0.0708303185	0.010738074	0.0263624322	-0.0095054942	-0.0269321462	0.063684092	-0.0235383975	-0.0929054001	-0.0917972923	0.00693575	0.01332967	4.81046280625e-05	0.0001776801023089	0.00253371	0.01712161	6.419686364100001e-06	0.0002931495289921	0.244518	0.006873	4.723812900000025e-05	0.059789052324	-0.000456384	-0.0003205989999999	1.0278371880100001e-07	2.08286355456e-07	1.2741e-05	-0.000216572	1.62333081e-10	4.6903431184e-08	-0.000234248	0.0	0.0	5.4872125504e-08	0.0
274.9313212237748	-0.0914251408091217	0.0083585563719677	75587.23138985044	393.063262958013	-1.0745273775554551	154498.72868720008	1.1546090851162036	288.6211673560492	0.1641771957332025	83302.17824596858	0.0269541515988183	299.4335899667827	243.37013189774663	1.111365	21.674229	0.142008475	0.101642	-0.001074684	0.0373874831	-0.0848825921	0.003082133	0.0503629192	0.0782786071	-0.0001754247	0.0752934938	-0.0135672298	0.0108839265	0.0065958105	-0.0322161916	-0.0213630794	-0.1070580767	0.0258109163	0.0818853294	0.0310712908	-0.1674939739	-0.055133639	-0.0237891373	-0.0809829358	0.0176890765	0.0566873795	0.0468170514	0.0975941863	-0.0554708651	0.056612973	0.1215448003	0.0326974307	0.0749178648	-0.0405173013	-0.0113255627	0.0957402709	0.1316497815	-0.0158243407	-0.0296444936	-0.0907799223	0.1066594081	0.0490162627	0.0283638826	-0.027173104	0.1372383274	0.0675257386	0.0524859126	-0.0481073739	0.0233065244	0.009885227	0.0268230701	-0.0325183735	0.0321421883	-0.0279692567	0.0813220091	0.0455704449	-0.0586259558	0.002634771	-0.1232542188	-0.0216830813	-0.0138777691	0.1043088678	-0.0954336394	0.0285864589	0.0582693196	-0.0308122164	-0.1280537497	0.1342401229	0.0011259126	0.0288302764	-0.027053407	-0.0072389325	-0.0209853207	0.0776821107	0.0943353369	-0.1019295016	-0.1233233703	0.0407822678	0.0349422056	0.0498496025	-0.0768331134	0.10016222	-0.137569728	-0.1211496101	0.0541276284	0.0788684932	0.0747899323	-0.0245427862	0.0661656035	-0.0737759737	-0.1553352978	-0.0243457203	0.0307557912	0.0707579313	-0.0337461631	-0.1591545492	-0.0150511746	-0.1051640976	0.0010145538	0.066132983	-0.0418481949	0.0220140342	0.0642969427	0.1192752167	-0.1366753057	-0.0054738942	0.0639237556	0.0192243025	0.008899	0.0309034043	-0.0718376869	0.0802430944	-0.0541631453	0.050975099	0.0620722189	0.1576018446	0.0190790725	0.1254084935	0.0593265358	0.013310494	-0.0536572033	0.0337726285	-0.0492266405	0.0894465115	-0.0588506922	0.0357536681	-0.0083585088	-0.0358171943	0.0052951873	0.0244412773	0.0069367811	0.113478382	0.0659174974	-0.068744619	-0.0645739002	-0.0046353786	-0.0226006944	0.0133783813	0.0251836174	-0.0192728481	-0.0402114807	0.0155247875	0.0147235552	0.1109095936	0.0969046972	-0.0453257215	-0.0075904251	-0.0132550311	-0.1262738827	-0.0311950709	0.0155457241	0.1715784073	0.1012047555	-0.0586195598	0.0129059724	-0.0188289637	-0.0233957469	0.1097873847	-0.007291686	-0.144168667	0.0367062495	0.0092511271	0.0758771275	-0.0372040901	-0.029367505	0.0494164351	0.0549982542	0.0967698664	0.0813166719	0.0045574061	-0.0197107337	0.0380429008	0.099039827	0.0028023441	0.0419479812	-0.0115315834	-0.0880261937	0.1744562447	-0.0796657646	-0.0612680677	0.0111337895	0.1569528036	-0.0101353996	0.045323324	-0.0605040341	0.1362609168	-0.1112662332	-0.0682570739	0.0623453902	-0.0268272759	-0.0949495281	-0.0885682462	-0.00639392	-0.01332967	4.08822129664e-05	0.0001776801023089	0.00263744	0.0001037299999999	6.9560897536e-06	1.0759912899999956e-08	0.152792	-0.091726	0.008413659076	0.023345395264	6.40255e-05	0.0005204095	2.708260476902501e-07	4.0992646502500005e-09	0.000229313	0.000216572	5.258445196900001e-08	4.6903431184e-08	-0.000234248	0.0	0.0	5.4872125504e-08	0.0
274.91715752526125	-0.0141636985135278	0.0002006103555821	75579.4435017693	393.66754939749705	0.6042864394840421	154974.1394486308	0.3651621009443009	288.0850589000894	-0.5361084559598339	82993.00116146797	0.2874122765516372	299.2929795648972	241.9149072172964	1.132976	22.095695	0.115821625	0.0727301	-0.0092440237	0.0573729234	-0.1356999148	-0.0178301286	-0.0654021937	-0.0052347754	0.0956672143	-0.1077356324	-0.0572946228	-0.0831922127	-0.0670548833	-0.03605033	0.0019453572	-0.0986591206	0.0584378488	0.0864864636	-0.0433456548	0.0254031192	-0.0240817313	0.0063787574	-0.101346441	-0.1091364613	-0.0288789315	-0.052956183	0.0223604232	0.1008876907	-0.0724290963	-0.027157436	-0.0840580284	0.0503789963	-0.0369986339	-0.0463630812	0.0022550809	0.0362789521	-0.0084604328	-0.0393444057	0.0292563357	0.1044790973	0.1235179428	-0.0140003119	0.0932549333	-0.1555409032	-0.0651310391	0.0256501163	-0.0662634744	0.0392220378	0.0007659222	0.0602395774	0.1295434407	-0.0550437864	-0.1054613801	0.0349818589	0.1283164484	0.1212296703	0.0491105708	-0.0222676436	-0.0403878093	-0.1602361902	-0.0893032992	-0.1163536796	0.0117372741	-0.062085775	0.1346176128	0.0228049759	0.0726504173	-0.0436298987	0.0110062559	-0.0233034014	-0.0678649139	0.0645961028	0.0199329392	0.022718843	-0.0859273875	-0.079215362	-0.0577681411	0.037942104	0.03073159	-0.0168881373	-0.0182812915	0.1236133717	0.1017546303	0.1040891635	-0.0304827834	-0.0259630437	-0.09111248	-0.0158283757	0.1275433833	-0.0080369484	0.0237147701	-0.0466750465	0.1027509535	0.1624106532	0.0455088437	0.017953258	-0.1012311198	0.0204360412	-0.0502577077	-0.1026891743	0.0880253085	0.0607041483	-0.0081647443	-0.0761257618	-0.1401477747	-0.1087412124	0.0948223346	-0.0557514912	-0.0174773091	0.1045021203	0.025537223	0.0695837274	-0.1358698323	-0.025458179	-0.0704296512	0.0226033155	0.055503689	-0.0306399135	-0.1243485037	-0.0047544878	-0.0017017908	-0.0821510285	0.1708930962	-0.0133534879	-0.021337046	0.0177889308	-0.1745569218	0.0001601639	-0.026206481	0.0502130388	0.0228658127	-0.1032004478	-0.09245733	0.0500997957	0.0974351771	0.0812204578	-0.0189568811	0.0560570024	0.0702548045	-0.0066062119	0.0100795592	-0.0580154884	0.038249011	-0.010933744	-0.0108696154	0.0081846586	-0.0209740225	-0.0069545786	0.1600262462	-0.1124678682	-0.1125250527	0.1745272179	0.1456131749	-0.0147415641	0.0801349467	0.0943279225	0.0985926026	0.0308475753	0.0266431614	0.003561984	-0.0356468807	0.0695932885	0.0341168224	-0.129234345	0.0103168146	-0.0819764794	0.0695425957	0.1285037606	0.0095832422	-0.0170874723	-0.0471838291	0.0560624728	0.0611414967	0.0574842791	-0.0795514503	-0.0947970166	0.0749031763	-0.0399725611	-0.00639031	-0.0821373967	0.0258547957	-0.0400643706	0.0884037524	0.1134206455	-0.0297906085	-0.0548279883	-0.0251627591	0.0609896438	-0.030086819	-0.0967600744	-0.0849519136	-0.00639393	-9.999999999940612e-09	4.08823408449e-05	9.999999999881223e-17	-0.0301714	-0.03280884	0.00091031337796	0.0010764199821456	0.0986127	-0.0541793	0.00293539654849	0.0097244646012899	0.000640695	0.0005766695	3.325477122302501e-07	4.104900830250001e-07	0.000229313	0.0	5.258445196900001e-08	0.0	-0.000234248	0.0	0.0	5.4872125504e-08	0.0
274.99355240661	0.0763948813487331	0.005836177896287	75621.45386520695	393.2736503263071	-0.393899071189935	154664.16404097847	0.1551564782842935	288.02857379608645	-0.0564851040029452	82960.45932300761	0.0031905669742235	299.04205765525626	242.5105452968073	1.069873	20.865038	0.0599928	0.0377937	-0.0017493126	0.0113150597	-0.1340288774	-0.0388500273	-0.0870657396	0.0756697171	-0.0615702856	-0.003977756	-0.0152623115	-0.019429139	-0.0485906532	-0.0810934904	0.0221366556	0.0037606613	0.0439652787	0.0503814785	-0.0005237922	-0.0442053297	0.0156336123	-0.0638922536	0.0630345856	0.1610598633	0.01418368	0.0276560565	0.0341838704	0.1145436217	0.0372234784	-0.1192308304	0.0363757723	0.0515419779	0.0067052477	-0.038014351	0.0952864007	-0.0569489357	0.0630868479	-0.1246230616	0.0318475842	-0.0051647503	0.1653173976	-0.2553227179	-0.1102180632	-0.0484949147	-0.0161544208	0.1638670876	-0.0086415345	0.0299113486	-0.0271430839	-0.1074084513	0.0273522658	-0.0729932707	0.1689883532	0.041962483	-0.0404239411	0.0301274016	-0.0500510698	0.0911953933	-0.0102853136	-0.0036481508	-0.038266434	0.0896469398	-0.0005406632	-0.0351573189	0.1180870258	-0.0859759621	0.0637436461	-0.0093087599	0.0055411206	0.059147258	-0.0131292705	0.0446059301	-0.056394347	-0.0353943439	-0.0439260216	0.0466845069	-0.0083737709	-0.016279524	0.0819086158	-0.1072171645	0.0389565238	-0.1285900883	0.1015936067	-0.0243213184	0.0943106503	0.0048406363	-0.060627486	-0.0044842277	0.0185414134	-0.0008580202	0.0067480479	0.1155501491	-0.1085355103	0.0446819931	-0.1240999918	-0.0177080744	0.0151116539	-0.0392647848	-0.0663980039	-0.0153887174	-0.0141616223	0.0935956096	-0.0155101535	-0.1567175924	-0.1837635334	0.0652890763	0.0158131716	0.1439669907	0.0601182191	0.1635360684	-0.0160661503	-0.0019897023	0.1057832649	-0.1305900225	-0.0269885663	-0.0522454932	-0.2177274687	-0.0548753476	0.0301164582	-0.1146160962	0.0173323947	0.0580312625	-0.0029725806	0.0545838102	0.0386317603	-0.0231828456	0.0533011185	0.0382332536	0.0683447891	-0.0277716291	-0.0918109819	0.102018292	-0.1219655368	0.05078703	0.0357431773	0.0434709972	-0.0697659691	-0.0252578431	-0.081799871	0.0387642548	0.0514136967	-0.0107487048	0.0229126803	-0.0476296611	0.0217919127	0.0082873185	0.0549054618	-0.0596962655	-0.0030998919	-0.0531810072	-0.048833942	-0.0336149635	-0.0150699558	0.0306753969	0.0596205869	-0.070631664	-0.0181034719	-0.079270455	-0.1149347778	0.0020431403	-0.0705569992	0.0407664929	0.0898219493	-0.1097988854	-0.0041292402	-0.0257169258	0.0365555619	0.1046801366	-0.0015190551	0.1297184591	0.0070004547	0.014856387	0.0697372897	0.0665692946	-0.0501047755	-0.0382217728	-0.036233198	-0.0723872651	-0.0001908819	-0.0294758738	0.0005114071	0.0147111136	0.1083292173	0.0871940742	-0.0134536171	-0.0342939243	0.0249654588	0.0596172234	-0.0333134626	-0.0983325849	-0.0809641079	-0.00639392	9.999999999940612e-09	4.08822129664e-05	9.999999999881223e-17	0.00261979	0.03279119	6.863299644099999e-06	0.0010752621416161	0.109835	0.0112223	0.00012594001729	0.012063727225	0.000321109	-0.000319586	1.0213521139600004e-07	1.03110989881e-07	0.000229313	0.0	5.258445196900001e-08	0.0	-0.000234248	0.0	0.0	5.4872125504e-08	0.0
275.18000513407804	0.1864527274680654	0.0347646195802806	75724.03522559121	393.1101913644666	-0.1634589618405471	154535.62255460751	0.0267188322059894	288.3880227743137	0.3594489782272489	83167.65167967808	0.1292035679486133	299.3948649077046	241.91834109473044	1.043263	20.346077	0.0200175299999999	0.0191014	-0.0441960317	-0.0111822932	-0.1346492006	-0.0834443682	-0.112904787	-0.0255437389	0.0248236275	0.1011592714	0.0026837983	-0.0732772167	-0.1011851395	-0.0566808804	-0.0090252925	-0.1026418101	0.0383546	0.0441239931	-0.0227301566	-0.0066428671	0.0436112096	-0.0561781707	0.0505646813	-0.0096674939	0.0410503949	0.0703235967	0.0400736418	0.0067987001	0.052965986	-0.0223115594	0.0962460554	-0.0648483572	0.0893542516	0.0395263008	0.0119876657	-0.0377298477	-0.0672902387	-0.0453007831	-0.0327170563	0.1052371882	0.1504745753	-0.0533351072	0.0551127266	-0.0687539989	-0.1320620086	0.0498354352	-0.0204024656	0.0241842781	-0.173462173	0.0711739819	0.1017243447	-0.1407999387	0.0434310078	-0.0271335049	-0.0438781633	-0.0582092136	0.0480618915	0.1166298871	-0.1028106525	0.012265076	0.063135953	0.1354469202	-0.0325923858	0.0534607803	-0.0296354122	-0.0288544988	-0.0544246093	0.0830137577	-0.007447978	0.0400291226	0.0447072492	0.097583494	-0.1049208025	0.0430479184	-0.0064445234	-0.0118313801	0.1360811356	0.1243422955	-0.172520167	-0.0982251844	-0.0165682867	0.0518677822	-0.0099867685	-0.0082568084	0.06598229	-0.2035653777	-0.0014444282	-0.0196575486	0.0497517752	-0.0319746307	0.099807859	0.0769377498	0.0033264038	-0.0327176051	-0.0522419451	-0.0379665117	-0.0858648497	0.0259262607	0.0602674327	-0.0731693339	0.0420851282	0.134039636	0.006872417	-0.0773137911	-0.0571068866	-0.1112180296	0.0709448231	0.0284162811	0.0522553295	0.0051660148	-0.146453259	0.01367289	0.0202910426	-0.0989510483	-0.04343951	0.0227560486	0.0102475964	-0.2352480517	-0.054972919	0.0719155884	0.0744105967	-0.0149794716	-0.0672030211	0.1256317121	-0.0032202397	-0.0656685264	0.0140285093	0.0941658533	-0.057866937	0.0084465492	0.03725007	0.0543723177	-0.078969838	-0.0552740921	0.0856228227	0.0182903876	-0.00163179	0.0043250638	-0.0969129642	-0.0347951701	-0.0854316143	-0.0267688561	0.0069530172	-0.0624889034	0.0874625231	0.1031900871	0.043996305	0.1635941089	-0.0376837858	0.1011464656	-0.12623074	0.2007729554	-0.0544906018	0.1082442947	-0.0582971765	0.0442571776	-0.0325745243	-0.0318393687	-0.0181038755	-0.03369865	0.1379973201	0.0607523669	-0.016050098	-0.1132777229	0.0555799195	0.0765682414	0.0339217175	0.1348377031	-0.0079477251	-0.0080089871	-0.0617647064	-0.0336553088	0.1101891512	0.0619837879	-0.0414213226	-0.0388764198	-0.0981850731	-0.0145223476	-0.0298955272	-0.0108448019	-0.0280382712	-0.0011126976	0.0469330993	-7.86759e-05	-0.0955631531	-0.0592380968	-0.0214011019	0.0582285042	-0.0365036785	-0.0996631912	-0.0766222668	-0.00639392	0.0	4.08822129664e-05	0.0	0.00262137	1.5800000000001577e-06	6.8715806769e-06	2.496400000000498e-12	0.129068	0.0192329999999999	0.0003699082889999	0.0166585486239999	0.000336768	1.5659000000000007e-05	2.4520428100000023e-10	1.1341268582399998e-07	0.000229313	0.0	5.258445196900001e-08	0.0	-0.000234248	0.0	0.0	5.4872125504e-08	0.0
275.417367165708	0.2373620316299707	0.0563407340595072	75854.72613649043	393.84348931850064	0.7332979540340716	155112.69407857192	0.5377258893905554	288.685273319166	0.2972505448523179	83339.18703136158	0.0883578864149998	299.59551745470026	244.4509653576685	1.030174	20.090811	0.0242760399999999	0.0158346	-0.0328445595	0.0038805038	-0.1232282156	-0.0355319695	-0.0506148178	-0.064289381	-0.0475382797	-0.1108045277	0.0275615876	-0.0695493429	-0.0653805404	-0.0313336474	0.0796469662	0.0444432214	0.111106537	0.053912209	0.0111508029	0.0170374125	0.0133291165	-0.0057352022	0.0495611763	-0.0564503424	0.0109974061	0.0518832441	0.001560337	-0.0031225953	-0.0083015633	-0.0669183935	0.006377797	-0.1140082176	-0.0433225756	-0.0062229798	-0.0137713345	-0.1797954403	-0.0499197019	-0.0366580566	0.0470163565	0.1104646733	0.01568144	0.0131867079	-0.0125923517	0.0131564312	-0.1298156242	0.0827187603	0.0369288333	0.0034192946	0.0103665338	0.0257491332	0.0315107421	0.0815750237	0.0352374395	0.0051972053	0.0839836041	-0.0714676487	0.0350633141	-0.0412077527	-0.0472778716	-0.0011536784	-0.1308233558	0.1402253293	0.0317506913	0.0654948113	-0.0942999829	-0.2286706978	0.004004849	-0.0518540725	-0.0690306293	-0.1270636513	0.0379954699	0.0730760343	-0.0328779453	-0.0016506595	-0.0329991824	-0.0169854614	0.0741679742	0.0168928957	0.0189344981	-0.0210226396	-0.0108762098	0.0501903303	-0.0340262743	0.0459796151	-0.0129608849	0.0852715611	0.1186146375	-0.026831239	-0.051161794	0.0940094946	-0.0991058825	-0.1297078384	-0.0457296314	0.0208372314	-0.1433212135	-0.0933507644	-0.0149451995	0.0754872552	0.0853883753	-0.0215958457	-0.0732252458	0.0437889268	0.0087972054	-0.0326212574	-0.1123985045	-0.0322711077	0.1033461324	-0.0147688314	-0.029446554	-0.0703104897	-0.0813630114	0.0631728573	0.0315743494	0.024226769	-0.0076190607	0.0650928909	-0.0354560404	-0.0263039599	-0.0095116071	0.0195403053	-0.023652811	-0.0105432628	-0.0217296195	-0.0845723871	-0.0347953218	-0.0108489503	-0.0039710999	-0.0266004281	0.0616975008	0.0792518458	-0.0827319254	0.0574000234	-0.1121605113	-0.0490899784	0.0416608019	0.0941598209	0.1213822583	0.0444566754	0.0683874314	-0.0027005144	-0.0180511679	0.0103186667	-0.0402368969	0.0717053496	0.0727054269	0.0903238566	-0.12400721	0.0525304418	-0.0480237579	0.0021926797	0.0055476579	-0.1197438442	-0.0105373217	0.0515733573	-0.0738204373	-0.1655099374	0.1167396855	0.1199026678	-0.0341760957	-0.079005567	-0.0929493083	0.1173760359	-0.038155951	-0.1149007235	-0.0240282311	-0.092610285	0.0336228559	0.0890809426	-0.0121294748	0.0328285055	-0.0122539032	-0.0325260457	0.0723666048	0.0577229635	-0.0390904886	-0.0616656654	-0.0843385186	-0.0066885297	-0.052674986	0.0336118579	-0.0010048117	0.0173938151	0.0696275279	0.021245103	-0.0591849597	-0.0824156334	0.0078032112	0.0568238659	-0.0396539781	-0.1007486199	-0.071945376	-0.00639392	0.0	4.08822129664e-05	0.0	-0.00163482	-0.00425619	2.6726364324e-06	1.81151533161e-05	0.113869	-0.0151989999999999	0.0002310096009999	0.012966149161	0.000240351	-9.641699999999998e-05	9.296237888999996e-09	5.7768603201e-08	0.000229313	0.0	5.258445196900001e-08	0.0	-0.000234248	0.0	0.0	5.4872125504e-08	0.0
275.29040019544806	-0.1269669702599571	0.0161206115369928	75784.80443976994	394.1368750652298	0.2933857467291432	155343.87628618456	0.0860751963838169	288.6266306693872	-0.0586426497787897	83305.33193156286	0.0034389603730777	299.65807633643175	244.55263441777427	1.049243	20.462698	0.059643902	0.0378242	-0.0466193949	0.0057556263	-0.1499015552	-0.0088719763	-0.0050117511	-0.0293158979	-0.0411422588	0.0315037574	0.0390309361	-0.1197324569	0.0549608306	-0.0121472121	-0.0013782283	-0.0595108166	0.0671919154	0.0871447334	0.0148339386	0.0242772885	-0.0475325508	-0.1217976791	0.0800746036	0.1208244135	-0.118165791	0.0252785939	-0.025572222	-0.0272799212	-0.0195510943	0.0003316837	0.1159872117	-0.075868058	0.0454281217	0.015854714	0.1507258318	0.085451444	0.0009206067	-0.043700934	-0.0121417089	0.1166406683	0.0151331162	-0.1348459742	-0.0715187974	-0.0436944637	-0.0253681691	0.0712210634	0.1157460594	0.1073298893	-0.0277037669	-0.0121603102	-0.0109683779	0.0484227014	0.0141245408	0.0059297154	0.0221666666	-0.0945810872	0.1634080717	0.0124013071	-0.0753153027	0.125658787	-0.0782612351	-0.0142666989	0.1106939389	0.0263972304	0.0744921175	-0.0097129917	-0.0548072566	-0.0853300178	0.0250222676	0.0519251908	-0.0518550736	0.0594877337	0.065540128	-0.0068788752	-0.0076527687	0.1385632272	0.1798033589	-0.1172411569	0.0789962422	0.0048526499	0.0202760327	-0.0270504494	0.0365356145	0.0018736288	-0.0161379307	0.0617620681	0.037920512	-0.1246802289	-0.0428993766	-0.0804834045	-0.0208560065	0.0879622099	0.01344485	-0.0760941207	0.0218999743	-0.0423675438	0.1187820196	-0.0071352455	0.1873226589	-0.0480765712	-0.029240206	0.0748494078	0.1018219492	-0.0475344045	-0.1456683029	0.0305642344	-0.0214138486	0.0002682202	0.041251519	-0.0015718861	-0.1419787162	0.040189705	0.0155045463	-0.0656499001	0.0279529384	0.0405108896	-0.0868464128	-0.0289627606	0.0642714125	0.0149252527	0.0143402894	0.0110146417	-0.0406406504	0.0994998257	0.0208119135	0.0415224742	-0.104168509	-0.2151212526	-0.0704527377	-0.0045518808	-0.1661017778	0.0081157231	-0.0840015218	-0.0515945607	0.1023299043	-0.00279664	-0.0200275796	-0.0398837629	0.0477679354	0.0508810115	0.0188620601	-0.0345276896	0.0469156758	0.1016224393	-0.047595105	0.0874970974	-0.0202236011	-0.0417024662	-0.112666087	0.1103548949	0.0338092847	-0.0305462821	-0.0264961183	0.0595509277	-0.0917051547	0.0200012011	-0.0734024133	-0.0214637346	0.0122287765	0.0603382471	0.1303035217	-0.1223216048	0.0149534166	-0.1054900506	0.0299434353	0.0183014918	0.059268672	0.091126408	-0.0257381022	0.1015367623	0.0170465684	0.0425922544	0.0239386358	0.0946120551	-0.0292901438	-0.0300962197	-0.0323579976	0.016136745	-0.0750317986	-0.0584871518	0.001415026	-0.1019426171	0.0617045778	0.0885956858	-0.0603256349	0.0510046368	-0.066908693	0.0554036926	-0.0427609166	-0.1015862008	-0.0669538864	-0.000163308	0.006230612	2.6669502864e-08	3.8820525894544e-05	0.00259736	0.00423218	6.7462789696e-06	1.79113475524e-05	0.147321	0.033452	0.001119036304	0.021703477041	0.000239121	-1.2300000000000136e-06	1.5129000000000337e-12	5.7178852641e-08	-8.40392e-05	-0.0003133522	7.06258713664e-09	9.818960124484e-08	-0.000234248	0.0	0.0	5.4872125504e-08	0.0
275.1305986584679	-0.1598015369801828	0.0255365312212287	75696.84631816692	393.5069194530669	-0.6299556121628598	154847.6956574425	0.3968440732954834	288.31232347509666	-0.3143071942905635	83123.99586760877	0.098789012382806	299.3281550447924	242.80620378688533	1.038492	20.253042	0.044488378	0.0272939	-0.0250900079	0.0243966069	-0.1221034193	-0.0565072952	-0.0313203075	-0.0167460229	0.07287247	0.020702663	0.0348824154	-0.0903947969	-0.0324423936	0.0074622817	-0.0721972174	-0.1232647021	-0.015711577	0.0223322999	0.033874674	-0.0647317928	-0.0134820562	-0.0576652902	0.0697344071	0.0902990924	0.0620232267	-0.0128386579	0.0749317697	0.0115651639	0.0131651059	-0.0640934004	0.0140547146	-0.1725716809	-0.0208591181	-0.0250638093	-0.1205064816	0.0166791507	0.0334004829	-0.0412166472	-0.0352680729	0.0692386328	0.1517427697	0.038453093	-0.0097217016	-0.1156041938	0.028703438	0.0840231674	0.0731287828	0.0202580936	0.0370852987	0.0221537378	0.0557103552	-0.0736594489	-0.1460939897	-0.0109236107	-0.0055501028	-0.0597533396	0.0864159145	-0.1057835539	-0.0802230259	-0.0400538025	-0.0604124817	-0.0733514289	-0.0272296416	0.0159346786	-0.0275621911	-0.0531112964	0.0380923767	-0.0419688326	0.0251114156	-0.0404226603	0.1553365678	-0.0209047149	0.0465927514	-0.0940620293	-0.1024329068	-0.0023924325	0.0224422639	0.0243384968	-0.0293199857	0.1552870707	-0.0051919449	-0.0434753831	-0.0376814424	-0.1424975819	-0.0277463338	-0.0664116066	0.1044476256	0.1828535228	-0.0996080692	0.0366778213	0.0548816117	-0.01601215	0.0122137608	-0.0841072874	0.0079711471	0.0762015015	-0.0493976969	-0.0461168033	-0.1080050265	-0.0585722895	-0.0075276274	0.1163250338	0.0371178164	-0.0238597283	-0.0302304958	-0.0955063184	-0.0111504366	-0.0562616169	0.0694613976	-0.0039971914	-0.1044343794	0.1063820112	0.0238245432	0.0729632036	0.00981479	-0.0805087309	0.056393679	0.0025738979	0.0546902691	-0.1342893814	-0.0592857309	-0.0863297749	-0.0437182316	-0.0472108449	-0.0705223235	-0.1402919045	-0.0741929441	0.0725242729	0.1165918964	-0.0159729194	0.0114040096	-0.0185948367	-0.0239780771	0.0112982388	0.0757926019	-0.1298975926	-0.0541800828	0.163830944	0.1068673665	0.0625150337	-0.0483267093	0.1225627162	-0.0407434298	-0.0120383208	0.064072995	-0.0499844289	0.0127728275	0.0091443765	-0.0687446239	0.0506449773	0.1432786012	-0.0026012498	0.0959073371	0.016097457	0.0924651619	-0.0139735925	-0.0803803819	-0.0369508187	0.0425591722	0.060818761	-0.1191793619	0.0829340204	0.0922858809	-0.0920127372	0.0564795421	-0.0051856261	0.0889136622	0.1049661171	-0.0108395784	-0.0497719154	-0.0300769688	0.0111884574	0.0253783558	0.0355027644	-0.0415179151	-0.0899112716	-0.0257283418	0.1091556833	-0.0458785376	-0.0313262004	0.0442707585	-0.0865404365	0.0550136063	0.099881707	-0.021561279	-0.024169265	-0.0499019287	0.0539683725	-0.0458210968	-0.1021738733	-0.0616696245	0.00288125	0.003044558	8.3016015625e-06	9.269333415364002e-06	-0.0196711	-0.02226846	0.00038695217521	0.0004958843107716	0.147301	-2.000000000002e-05	4.0000000000080005e-10	0.0216975846009999	0.000308875	6.975400000000002e-05	4.865620516000003e-09	9.540376562500001e-08	0.000229313	0.0003133522	5.258445196900001e-08	9.818960124484e-08	-0.000234247	9.999999999886402e-10	9.999999999772805e-19	5.4871657009000006e-08	0.0
275.069236997494	-0.0613616609738869	0.0037652534374742	75663.08514238351	393.8471503998552	0.3402309467882674	155115.57787808616	0.1157570971524408	288.17978719745827	-0.132536277638394	83047.58974917233	0.0175658648902414	299.34860924969706	242.0133888505016	1.011634	19.729235	0.04995899	0.0298396	0.0148998226	0.0460853939	-0.1016253173	-0.0389578923	-0.0369627451	-0.0276844769	-0.0007678666	-0.1457964838	-0.0153634867	-0.0721421523	-0.0475615844	-0.0130365805	0.1309099675	0.0035978573	0.0412560866	0.0281021376	0.053917858	-0.0415792109	0.0040222178	-0.0446962351	-0.0467977749	0.0422281695	0.1326707791	0.022533821	0.0864873574	0.0785973105	-0.077222734	0.0461399953	0.0282481065	0.030839484	0.0459878377	-0.0363748974	-0.0287241813	-0.0402388889	0.0631693214	-0.0698680977	0.0606408502	0.0775602982	0.0367364497	-0.0285314412	0.1039839472	-0.0642108374	-0.0238400685	0.0713150153	-0.0445128287	0.135769843	0.0238811523	0.0023325585	0.0737866872	-0.0947846811	-0.0499053322	-0.0166077607	-0.0364233842	0.0067546098	-0.0880377696	0.030420399	0.1193470307	-0.0195844947	-0.1182392776	-0.0701858561	0.038657615	0.1203101998	-0.0961082567	0.0745761783	0.0061731034	0.037076128	0.064536584	-0.0036592895	-0.2275338536	-0.0027119277	-0.0626352462	0.1366680497	0.0416931896	-0.016578999	-0.0391331433	-0.1256473168	0.0356987348	0.0259583851	0.1089369741	0.1376967016	0.0794466302	0.0511502998	-0.1441478581	0.1321087629	0.0662625495	-0.0194134703	-0.0844825706	-0.0462628086	-0.0058891031	0.084898455	-0.039679923	-0.1345548049	0.0128113457	0.0886749426	-0.0489908767	-0.0332555564	0.0131143523	-0.0141429563	-0.0298197156	0.0625076047	0.0040626451	-0.0342873242	-0.1366184212	-0.0313792868	0.0592062027	-0.0576146826	-0.0339617941	-0.039746144	-0.0116841005	-0.0251726244	-0.0912571655	-0.0348323025	-0.0693799518	-0.1352702669	-0.0320803934	-0.0395229859	0.0030153421	-0.0322524793	-0.0178803349	-0.0321747687	0.009252875	0.0181663005	-0.1025527195	0.0524770439	-0.0819844605	0.0285348048	-0.0820312013	0.006749066	0.0286267558	0.0229050723	0.0462963741	-0.063788785	-0.0466987241	0.0709530986	0.0126251667	0.0138876299	-0.035036814	0.0042403182	-0.0024135916	-0.1043145739	0.0356591341	0.1334776622	-0.1239011973	-0.2146534684	-0.2487050404	0.0766816924	0.0662440208	0.0998407267	-0.1432902032	-0.1397532131	-0.0458209585	-0.0064326289	-0.0267724324	0.0631512186	0.0541104076	-0.0357616998	0.0049926819	0.0133823561	-0.0147834161	-0.0763143073	0.1429275968	-0.0839097601	-0.011087083	-0.1023426099	0.054952888	0.038683712	0.0084291031	0.0500619664	-0.0273887672	0.0142058983	0.0267375905	0.0378975766	-0.0140774276	-0.1123691727	-0.0210487522	0.0505511501	-0.0573514375	-0.0765517429	-0.0024821896	-0.0854917114	0.0794473668	0.11037511	0.010537732	0.0022528507	-0.0365107862	0.0525182979	-0.0488311722	-0.1025101919	-0.056115697	0.00335278	0.0004715299999999	1.12411337284e-05	2.2234054089999997e-07	0.00255196	0.02222306	6.512499841599999e-06	0.0004938643957636	0.157955	0.010654	0.000113507716	0.024949782025	-2.3333e-05	-0.000332208	1.1036215526400001e-07	5.444288889999998e-10	0.000229313	0.0	5.258445196900001e-08	0.0	-0.000234247	0.0	0.0	5.4871657009000006e-08	0.0
275.0753591814956	0.0061221840016401	3.748113694993808e-05	75666.45322882883	393.2310902555606	-0.616060144294579	154630.69034357686	0.3795301013882575	288.5140586350652	0.334271437606958	83240.36203007786	0.1117373939998224	299.3281615817706	242.22520486906703	1.029379	20.075319	0.08015311	0.048566	0.0263647985	0.0266308867	-0.1511689945	-0.0382357126	-0.0454503601	0.0154347058	-0.0802872123	0.0547984615	-0.0183896867	-0.042092383	-0.0362792584	-0.0517163895	-0.0301190427	0.0461913234	0.0881094859	0.0175176551	0.0843554395	0.0168333764	-0.078716093	-0.0968825478	-0.0473896837	0.1225820352	0.050499654	-0.0239769145	0.0480028886	-0.0780036106	-0.1196005319	-0.0089534872	0.0265397316	0.0554933177	0.0680409852	0.0331332968	0.048512586	-0.0388818828	-0.0088816395	-0.0699204973	0.0184854518	0.0704703068	0.0914835674	-0.0165840183	-0.1131267643	-0.011844101	0.0994007873	-0.0232061432	0.0911792721	0.0191198608	0.0637033725	-0.0695557703	0.0075996141	-0.1238057368	-0.0866347474	-0.0998041392	0.0242737407	-0.0848185021	-0.0642749348	0.0072124935	-0.1121922534	-0.0085581838	-0.0185956816	0.1051066493	0.1222943013	0.0871964025	0.0287174542	0.1333719634	-0.098275246	-0.1147880629	-0.1350437805	0.0763142033	-0.0160543727	-0.1146972955	0.0530804884	0.0454608652	-0.096724034	-0.0721535618	0.0050716897	0.0486941057	0.1474696724	0.0479275647	-0.012323308	0.0258498973	0.0323150022	-0.0678252571	0.0926665353	0.0079755354	0.0126886958	0.0334437065	-0.0164974674	-0.0118640731	-0.1649640998	-0.1395093651	0.016667591	0.0857243997	-0.0225047608	-0.030552196	0.0161480081	0.1168633341	-0.0138584787	-0.0171350271	-0.0619868042	0.0542375803	-0.0073009422	-0.058760104	-0.0472617511	0.1044464232	0.0079991377	0.0175304699	0.140005599	-0.0151642424	-0.0672790103	0.0134431906	-0.0238911697	0.014269363	-0.1335557137	-0.1625849346	0.0027579817	0.101321286	0.0636746221	0.0233519137	0.0563218614	-0.017624318	0.0189288806	0.0614865531	-0.0111644945	-0.1452138043	0.0089571728	-0.0217706824	0.0455091617	0.0489499631	-0.0323243618	-0.0809437251	0.073781922	-0.0563425418	0.105178307	0.0456303754	0.0575777674	0.0429977198	0.015147281	-0.1037507917	0.095750794	-0.1130467445	0.1042783846	-0.206608427	0.044594369	0.0441658331	-0.1321079639	0.0182883009	-0.0123008026	0.0687020065	0.0637530257	-0.0048146457	-0.1675590235	-0.0043624139	0.0829125294	0.020108966	-0.0489334103	0.0786101204	-0.126680129	-0.0594519271	0.0707643622	-0.0013911844	0.0394618325	-0.0881911733	0.0567970506	-0.0179429758	0.0583358428	0.0467286719	0.0040919431	0.144810625	0.0499416089	0.0371784926	0.0020991239	0.0651628387	-0.0113736388	-0.103441146	-0.0021850033	0.0344333579	-0.0325437022	-0.0647130365	0.007554028	-0.1709901016	0.0217045001	-0.0219919718	-0.0137072965	0.073458463	0.0326214588	0.0510538654	-0.0517878515	-0.102594329	-0.0503163898	0.0162489	0.01289612	0.00026402675121	0.0001663099110544	0.0248566	0.02230464	0.00061785056356	0.0004974969655296	0.15767	-0.000285	8.122500000000426e-08	0.0248598289	0.000716746	0.0007400789999999	5.477169262409999e-07	5.13724828516e-07	0.000281216	5.190299999999998e-05	7.9082438656e-08	2.6939214089999982e-09	-0.000132882	0.000101365	1.0274863225000002e-08	1.7657625923999997e-08	0.0
275.30630688557	0.2309477040743672	0.0533368420172215	75793.56261097164	393.8066704889693	0.5755802334086866	155083.69372160765	0.3312926050907981	288.44035946412106	-0.0736991709441667	83197.84096779137	0.0054315677978575	299.31532295651243	242.4275407571088	1.024515	19.980448	0.04788383	0.0320355	-0.0249918132	-0.0155426132	-0.1438207558	-0.0782834302	-0.0462142206	-0.0849303177	-0.0124898943	0.0696315441	0.0055272482	-0.0871134032	-0.0387926111	0.0047752659	-0.0969374666	-0.0803364075	-0.0183798573	-0.0284590786	-0.0242136349	-0.068795656	0.0252335064	-0.0297322132	0.1055610554	0.1052104847	0.0521660888	0.0441292878	-0.1567767779	-0.0519383976	-0.1454641063	-0.0579437701	-0.1019516084	-0.0894878316	-0.1342475221	-0.0505998182	-0.0939455636	0.0096682718	-0.0406005599	0.0014382575	-0.0730195728	0.0840138573	0.0605956209	-0.0548716058	0.0037015742	-0.13539884	0.0117363155	0.017397896	-0.0050040036	0.0188924164	-0.0984848615	0.0061552551	-0.0263397452	0.0481939896	-0.0536340571	0.0767398591	0.094355022	0.0022547026	-0.0636222333	-0.0330058072	0.0069965125	-0.032860126	0.102696441	0.0739388026	-0.000207065	-0.0757110699	-0.1132407922	-0.0247853585	0.0175471931	0.0958351632	-0.018515362	-0.1093256752	-0.0423595865	-0.007454363	0.0556675161	-0.037146683	0.0690916274	0.0521716881	0.1567816811	-0.0023003815	0.1085389827	0.0143367649	0.0599091444	0.0633307792	-0.014843964	0.0595825607	0.0911386348	-0.0513044836	-0.0108078546	-0.0436524889	-0.0730987307	0.057293375	0.0591661963	-0.1196923544	0.0303543026	0.1247034345	-0.0504914878	0.0667290041	0.0493776062	0.1421030253	0.0296157659	-0.0611539942	0.0134866587	0.122353736	0.0031559089	-0.0015695715	0.0008623467	-0.0110129684	0.0435825938	-0.1003286927	0.0178784037	0.0795701652	-0.07670115	0.0561261499	0.0017635907	-0.0862527261	-0.0087855307	0.0616297042	0.1142808974	-0.0019924231	0.0731842171	-0.0252801955	0.0694054164	0.044369528	0.006395067	0.0614674366	0.096313596	0.0431230395	0.0467374367	-0.0674764013	0.0509958955	0.0622494498	0.0301486514	0.0729807066	0.0214515057	0.0564174128	0.029846515	-0.0010434676	0.0688331479	-0.0145531984	-0.1976510296	0.0227101693	-0.0237158144	-0.0270866696	-0.1097384854	-0.0010882269	0.0001202935	0.0594520117	-0.0370869549	0.077738592	0.0255327981	-0.0981184673	-0.0091468047	-0.1538146357	-0.0814089835	0.0355305565	0.089682105	-0.0240986679	0.1501803768	-0.0439004001	0.1527369572	-0.0326531382	-0.0255941965	0.0800736134	-0.1466883771	-0.0971647588	0.0812186188	0.0225605027	0.0384915279	0.0831587186	-0.0107576485	0.0161141537	-0.0280758348	-0.0298696785	0.0492316464	0.003143302	-0.0351774294	-0.0950347864	-0.0749003289	0.0430718226	0.0208195674	0.0009110191	0.0252873093	0.0303855923	0.0764802747	0.0074236379	-0.0008819137	-0.0376864882	-0.0034685278	0.0495754752	-0.0546879015	-0.1024260777	-0.0442970619	0.015567	-0.0006819	0.0002423314889999	4.649876100000012e-07	0.00263527	-0.02222133	6.944647972899999e-06	0.0004937875069689	0.154607	-0.003063	9.381969000000062e-06	0.0239033244489999	0.000308174	-0.000408572	1.66931079184e-07	9.497121427600001e-08	0.000286506	5.290000000000026e-06	8.2085688036e-08	2.798410000000027e-11	-0.000157372	-2.4490000000000004e-05	5.997601000000001e-10	2.4765946384e-08	0.0
275.50653608974653	0.2002292041765372	0.0400917342051694	75903.8514281708	393.9044796056114	0.0978091166421109	155160.73905336755	0.00956662329831	288.5020300858685	0.0616706217474529	83233.42136366738	0.0038032655867174	299.555824922843	246.1316922763139	1.009285	19.683435	0.0299754399999999	0.0193893	-0.0629968067	0.0146756496	-0.1157377639	-0.0195264805	-0.036829438	-0.0519928471	-0.0574902903	-0.0984185709	-0.0065380206	-0.1228394547	-0.0455263388	-0.0140710301	0.0028775349	-0.0163965086	0.0918658511	0.111222689	-0.0833534097	0.0797053792	-0.0255829673	-0.0706419795	0.1134895904	0.0098242513	0.0277547081	0.0446742187	0.0481175801	0.0483927353	-0.0998430964	-0.0568340825	-0.0180465787	0.0931301502	-0.0222406805	0.102094886	-0.1160441848	-0.0626964009	-0.0903839317	0.0428934281	-0.0063191855	0.0172389217	0.0792580476	0.0102663765	-0.0445052963	-0.0882013	0.0003379157	-0.0176774836	0.0626424349	-0.0302239775	-0.0417844629	0.0610805083	-0.076338891	0.0371523152	0.1302998969	0.0484314394	0.0104688523	-0.0880914703	-0.0702584643	0.0399413164	0.0612401325	-0.0705006158	-0.0818452864	-0.0518239745	-0.0056652095	-0.1034285856	-0.0663227552	0.1114332481	0.0200714682	0.0868374488	0.1211995862	-0.1055674385	-0.0708028685	-0.1308656056	0.0703483707	0.0576597771	0.0786475803	0.0417028761	0.0361568596	-0.0461553685	-0.1755022085	0.0583920258	-0.1085672472	0.0827134869	-0.1204256272	0.0626490766	-0.0957325154	-0.0682234528	0.0613157983	-0.0027462603	-0.0511794588	-0.0483893551	-0.0244298316	0.0542576048	0.1683286095	-0.0477827256	-0.0314988554	-0.0264850533	-0.0398226154	0.0773320982	-0.1221664343	-0.0939549109	0.0261249094	0.0357511827	0.020315114	-0.0398578845	-0.0749951583	-0.014849324	0.0045985981	-0.0770075299	0.0757116217	0.0629953804	-0.0666842746	0.0130436599	0.1138500889	0.0207912221	0.0158919887	0.0470933072	0.0521924961	0.1212367346	-0.0743632531	0.0205053894	0.0616190672	0.0894450036	-0.0669956554	-0.1329252967	-0.0763721705	0.0404907755	0.0052586834	-0.0723011178	-0.1074155865	0.0212415988	0.1732399013	-0.0604946289	0.1306887848	0.0117397179	-0.1265085079	-0.0012396167	-0.0917260921	-0.1193239198	0.0167760608	-0.0103115339	-0.0111464396	-0.097819496	0.0232009982	0.0684215767	0.0187572246	-7.861e-07	-0.0203382916	0.2143549065	0.1016060108	0.1211268487	-0.1076622416	-0.0203366228	-0.0675786767	-0.0336094945	0.0580812413	0.0227937901	0.0691291922	0.0163810748	-0.0353242292	0.004413837	-0.1177313897	0.0269333619	-0.0104287362	-0.1328726842	0.0191826017	-0.0729552153	0.0114225436	0.1084694151	-0.0128901308	0.0440788047	0.0092975167	-0.0504601962	0.0748201029	-0.027225314	-0.0043161404	-0.0297162411	-0.0267357184	0.0344863736	0.0215959565	0.032430082	-0.0429633137	0.0147078941	0.0012751422	-0.0923596541	0.040182514	-0.0370187454	0.0099138229	0.0480835316	-0.0575281511	-0.102005852	-0.0380840342	0.00821499	-0.0073520099999999	6.74860607001e-05	5.405205104009999e-05	0.00264265	7.379999999999973e-06	6.983599022499999e-06	5.4464399999999605e-11	0.137748	-0.0168589999999999	0.0002842258809999	0.018974511504	0.000334486	2.631200000000001e-05	6.923213440000007e-10	1.11880884196e-07	0.000298459	1.1952999999999984e-05	8.9077774681e-08	1.4287420899999963e-10	-0.000234248	-7.6876e-05	5.909919376e-09	5.4872125504e-08	0.0
275.414763205991	-0.0917728837555387	0.0084222621928076	75853.2917918121	393.2400765461581	-0.6644030594533206	154637.75780202827	0.4414314254109326	288.7445178593972	0.2424877735286941	83373.39659385575	0.0588003203109032	299.535553753329	246.1600340876718	1.009104	19.679909	0.0158619099999999	0.00945905	-0.0848640314	-0.0195829252	-0.1130014194	0.0053790841	-0.0626048415	0.0029164391	-0.111874575	-0.0352082271	0.0567984766	-0.0996179204	-0.0299137506	-0.058235333	0.041092663	0.0052963027	0.0422701297	0.0055446006	-0.0004885665	0.0447530437	0.0270272682	-0.0411901688	-0.0027077613	0.0647575918	-0.0940198973	0.0581562665	0.0127094986	0.0027410585	-0.0314597068	0.0734113079	-0.0497264034	0.1198193015	0.0019046261	-0.0197020629	0.0412716789	-0.0345988035	-0.0735541622	0.0389950687	0.1024980458	0.0550379106	0.0954294631	-0.0121324566	-0.1675747422	0.0076977974	0.0443593623	-0.0301201437	0.0265520845	-0.0065627295	-0.1142752646	-0.0257979219	-0.0585222932	-0.032234431	-0.0416090265	-0.0864599245	-0.0239499395	0.0445611637	-0.0202628347	-0.0019237172	0.0226313034	-0.0435982423	-0.0626759532	-0.0048413937	-0.0634953739	-0.1322941786	-0.0810358169	0.0258642069	0.1933057891	0.0302808417	0.0107746937	0.0231356804	-0.0465841149	-0.1959028728	0.0570624825	0.0103841035	-0.0328081494	-0.086618622	-0.0250172823	0.0556388359	-0.0402373605	0.0716703053	-0.0402406236	0.1730675506	0.0111833424	-0.0204645284	-0.0305450586	0.1337187271	0.0796301973	0.0963835036	-0.0427674535	0.0695342717	-0.0238218766	0.0034072659	-0.0457839559	0.006959601	0.0572122738	-0.026272667	0.0691885846	-0.1009174931	0.1777136449	-0.1084431262	-0.0226886646	-0.0068038869	-0.0129979512	-0.0750968297	-0.0985431579	-0.0009217972	0.049974842	-0.0459477108	0.1273277819	0.0925789353	-0.0383548576	0.0048604448	0.0245783076	0.026824351	-0.0218869398	0.0759207821	0.0880111548	0.0961767643	-0.0955807797	0.0791872626	-0.0246133665	-0.0193197459	0.0438996175	0.0155151086	0.0528631127	0.0360442779	0.1565873148	-0.0529582683	0.0496198407	-0.0945737636	-0.062478117	-0.0790929241	0.1619337985	-0.046362183	-0.034818717	-0.048074023	-0.0817951448	0.1858779547	-0.0455713668	0.0150537163	-0.0351412878	0.0175435473	0.0382716535	0.0663005079	0.1233670625	-0.1441953856	-0.1581841956	0.1388422926	-0.0426502251	-0.1093669183	0.0258961716	0.0535341989	0.0027291997	-0.1058731647	0.0171081828	0.1014263398	-0.0743328934	-0.0600785563	0.0160497216	0.0021690039	-0.053491403	-0.2051257484	-0.1011108082	-0.1376247225	0.0115524755	-0.0404420725	-0.0110159846	0.1014796901	-0.0209580096	0.0911782125	0.0561150722	-0.0494918291	0.0653525702	-0.0244018289	0.0036593749	-0.0017111629	0.0024773373	0.0150806335	0.0883142734	-0.0057321018	-0.0802981669	0.0567097267	-0.0033791289	-0.0287438045	0.0222213133	-0.021527044	0.0203106787	0.0465784425	-0.0603054945	-0.1013346856	-0.0317044747	0.00946639	0.0012513999999999	8.96125396321e-05	1.5660019599999994e-06	0.00263529	-7.359999999999658e-06	6.944753384100001e-06	5.4169599999994966e-11	0.146038	0.0082899999999999	6.872409999999986e-05	0.021327097444	0.000301986	-3.249999999999998e-05	1.0562499999999983e-09	9.1195544196e-08	0.000333365	3.490600000000002e-05	1.1113222322500003e-07	1.2184288360000016e-09	-0.000293105	-5.8857e-05	3.4641464489999994e-09	8.5910541025e-08	0.0
275.3525741339383	-0.0621890720527176	0.0038674806827781	75819.04008218598	392.4815670546144	-0.7585094915436912	154041.78047764578	0.575336648761869	288.5783590550974	-0.1661588042998119	83277.4693149327	0.0276087482463431	299.2045015644546	243.2321360289961	1.073992	20.945372	0.0925794449999999	0.0671283	-0.0555934427	-0.0593519337	-0.0493798741	-0.0437389507	-0.0498486916	-0.0783813063	0.0028198507	0.1027270529	0.0748880061	-0.0054494542	-0.0824587935	0.0025570568	0.0218895571	-0.0518194546	-0.0523058825	0.0070748023	-0.0363608658	-0.0584463826	-0.0403445526	0.0148443217	0.0714537536	-0.0396119105	-0.0569711252	-0.0033499257	-0.0286740177	0.0439145048	0.121308572	0.040204762	-0.0119956425	-0.1332594676	0.0101254327	0.1738279423	0.1019032643	0.0189575775	0.1340903488	0.002414611	-0.0654445578	0.0665562753	0.0697045549	0.102008867	-0.0016108541	0.0320147552	-0.0786402465	-0.0987439063	-0.0323961338	0.0340899878	0.1374616966	-0.0326524671	0.102224572	0.0537167256	0.0808764319	0.0221504201	-0.0655711461	0.1058275275	-0.0070194701	-0.1522388054	0.1780213085	-0.0183424958	-0.0225292477	0.0760920043	-0.0026654152	0.0347661304	0.0029231144	0.0837295242	-0.0424920686	-0.0213693214	0.0415638007	0.0128061287	-0.0248415426	-0.0164428559	0.0559485109	-0.0760544836	-0.0690954748	-0.0333267321	-0.0938441703	0.1080212898	0.0700846753	0.0793155434	-0.041634118	-0.1150724871	0.0835258229	-0.026542874	-0.0010436906	-0.0308831717	0.133619447	-0.0411983431	-0.0366263736	0.0202293613	0.0176194583	0.0621641627	0.0804620998	0.1173481269	0.1418334067	0.0041603676	-0.0610548947	-0.0204926331	0.1081541649	-0.0386364052	-0.0181382569	0.0682684868	0.0113398183	-0.0577562004	0.1304258283	0.0020734755	-0.0066098369	-0.0918001897	-0.0340220681	0.0342085237	0.1142393386	0.0477088421	-0.083648698	0.0542419957	-0.0092576023	0.0910100562	-0.1243821806	-0.0888906984	-0.0554736237	0.041762548	0.0851619833	-0.0124219018	0.0490397457	-0.107822808	-0.0094718837	-0.0741569488	-0.0333028737	0.0471778879	0.0859870667	-0.047188648	0.026395767	0.0965267226	0.1313826247	-0.08590929	0.0858131626	0.0409964619	0.0202388612	-0.0792566968	0.1052464265	-0.0124488439	0.0996120444	-0.0407264441	-0.0820291706	0.1015300466	0.0775748393	-0.1031037012	0.0492917538	-0.0853528103	0.0322335957	-0.0934748854	-0.0214556507	-0.0414390512	-0.0561165231	0.0794885282	0.1270957204	0.0748408226	-0.0510125546	0.0848860988	-0.0321193597	-0.0169518092	0.0443662029	-0.0093960244	0.0222605798	-0.0437342309	0.0903931229	0.0587119206	-0.0261939447	0.0631698444	-0.0188007192	0.0247453026	-0.0173312404	-0.0684488781	0.0767303933	-0.0560261609	0.072720075	0.0816050146	-0.0804066164	0.0894072028	0.0354844432	0.0270073372	-0.1121162488	0.0518358893	-0.009309126	-0.0967044683	0.0156974452	0.0444994552	-0.0702866726	0.0450606192	-0.0630168947	-0.1004142296	-0.0251862796	0.0197722	0.01030581	0.00039093989284	0.0001062097197561	0.00770028	0.00506499	5.9294312078400006e-05	2.56541237001e-05	0.209386	0.0633479999999999	0.0040129691039999	0.0438424969959999	9.99601e-05	-0.0002020259	4.081446427081001e-08	9.99202159201e-09	0.000317036	-1.632900000000004e-05	1.0051182529600001e-07	2.6663624100000126e-10	-0.000234247	5.8857999999999984e-05	3.4642641639999982e-09	5.4871657009000006e-08	0.0
275.28265082449	-0.0699233094482565	0.0048892692041966	75780.53784495809	393.40690536697264	0.9253383123582352	154768.99319041817	0.856250992317987	288.5845446369784	0.0061855818810272	83281.0394033322	3.826142320689257e-05	299.3329139649492	245.260900391116	1.043998	20.360418	0.075728285	0.0479213	-0.0098077667	-0.0328677576	-0.0109425175	-0.0230659869	0.0514688405	-0.0655452146	0.031898156	-0.0987766016	0.0558108689	0.0372893804	-0.0653632806	0.0451466811	0.1217036226	0.0096738634	0.0395788696	-0.0659553823	0.0329265941	0.0933110605	0.0427108289	0.1129064267	-0.0657902622	-0.0053054281	0.0249439712	-0.1189858037	-0.0144400948	-0.0331850613	0.0174478933	0.0318214222	-0.1205653517	-0.0523336294	0.0093303816	-0.0009719735	-0.062074936	-0.0525797439	0.0430402278	0.0669903248	-0.0411068937	-0.0328053412	-0.0447257373	0.0713431557	0.0534767146	-0.0241568945	0.1047424396	0.0528831046	-0.1201893093	-0.1533815865	0.0083994877	0.083466281	0.0269857648	0.1336837757	-0.0776262478	0.063246346	-0.0772580598	0.0809882911	-0.0851815947	0.0068646784	0.0374278657	0.0223815712	0.0528958136	0.1377028232	0.005260763	0.0566917819	-0.0377975141	0.1597860159	0.0081337512	-0.1445737777	0.0899731373	0.0578004438	0.0084320337	0.0436450057	0.0056021968	-0.0019627849	0.0210713971	-0.0957676473	-0.0299444086	0.0125484054	0.0650874272	0.0374222375	0.0279807836	0.0029780809	0.0180095432	0.0646499437	0.0265811179	-0.0225121876	-0.0761034339	-0.097429462	-0.0215405186	-0.0894526781	-0.0026403978	0.0025037895	0.0303946136	-0.0462166383	-0.0887054957	-0.0590692257	-0.023870116	-0.1024067959	-0.0470195618	0.0002676295	-0.0440285294	0.0122651658	-0.1176158651	0.0853697844	0.1091219222	-0.024225289	0.0341117793	-0.020991621	0.0568039489	-0.0702514263	0.221151231	0.0612175556	-0.0387371393	0.0274969576	0.0844215765	0.0008016395	0.0418723837	-0.0751541054	0.0633109714	0.0172088969	-0.0158935397	0.0986167003	0.0244496179	-0.1552275947	-0.0348216566	0.0650357395	0.0300613459	-0.0547723125	0.0292497097	0.0446175289	0.0831831143	-0.0128550026	-0.0021782946	0.0071860845	0.0753483715	0.0661482139	0.0348849114	0.025144513	-0.084149805	0.0237439094	-0.0371545902	-0.0553514261	0.0528762011	-0.1180242124	-0.1533830774	0.0125829	0.0227063824	0.0151752279	-0.0831023527	0.0519046763	-0.0564344433	0.0570695897	0.0145771792	0.0102583792	0.0526685992	0.0348875643	-0.0413603304	0.0368273261	-0.0453837727	-0.030927881	0.000528224	-0.1158430202	-0.036536852	0.0020958664	-0.0169221117	-0.0941826205	-0.0241757683	0.014854382	-0.0217198314	-0.0162073512	-0.0919492934	-0.0613215821	-0.0003807245	-0.0948020082	0.089865095	0.0385520497	-0.0014982444	0.1140826157	0.0267577736	0.0331193742	-0.0867820105	0.1085981756	0.1003916397	-0.0494441672	0.014015494	-0.1125829728	-0.0070419626	0.0435304769	-0.0656593869	-0.0992467484	-0.0185579513	0.0263975	0.0066253	0.00069682800625	4.389460009000001e-05	0.00250715	-0.00519313	6.285801122500001e-06	2.6968599196900007e-05	0.250987	0.041601	0.001730643201	0.062994474169	-0.000174497	-0.0002744571	7.532669974041e-08	3.0449203008999995e-08	0.000369474	5.243800000000003e-05	1.36511036676e-07	2.749743844000003e-09	-0.000114965	0.000119282	1.4228195524000005e-08	1.3216951224999998e-08	0.0
275.20323646843724	-0.07941435605278	0.0063066399472777	75736.82136270258	392.0572976494608	-1.3496077175118444	153708.9246401979	1.8214409911675304	288.737582229414	0.1530375924355667	83369.3913916876	0.0234205046984746	299.53901181481655	242.88073042822984	1.041247	20.306759	0.08864755	0.0548331	-0.0157173627	-0.0306544087	-0.0618706796	-0.0547761637	-0.0501549956	0.0237056604	-0.1187707103	-0.0259337569	0.0714297795	0.0164486643	-0.106055245	-0.0010303353	0.0449912864	0.0248020714	0.061093479	0.058505606	-0.0778643188	-0.0056953282	0.0774000167	0.0432731939	0.0167636345	-0.0727664139	-0.002705096	0.0532559288	-0.0768120332	-0.031592379	-0.0418200355	0.1289600422	-0.0973607565	0.128297655	-0.0354762174	0.0334637203	0.0547426826	-0.0488091659	-0.0825785019	0.0525227146	0.0428457509	-0.0388947329	-0.0628752456	0.0715735093	0.025896963	-0.0035321164	0.0608540389	0.1253627539	-0.0314379817	0.1215031588	0.1095674333	0.0029234994	-0.0604231895	0.0089764653	-0.0210482501	-0.0911584194	0.1167158936	0.0387081125	-0.05834358	-0.0298620017	0.0268691197	-0.1286596748	0.164498162	-0.0363999535	0.0273998453	0.0860065288	-0.0271958337	0.0725752029	0.1196937797	0.0141592462	-0.0198155539	0.0240789795	-0.0081105706	-0.0768653609	0.0094226485	0.0332448557	0.1297142378	-0.0310659704	0.0793747697	0.0765637317	0.094885485	0.0110332295	-0.1165458025	-0.0372117022	0.0530433384	-0.0388717972	-0.0423309932	-0.0565347173	0.0276672932	-0.0642718961	0.0605907366	0.1810051837	0.0306766963	0.0541915491	-0.0407553007	-0.015570807	0.0553062849	-0.0488699768	0.0068668458	-0.0051225505	-0.0256549928	-0.0360681438	-0.0330639433	-0.018213825	-0.0824747484	-0.0073200907	0.0188562426	-0.0167528987	0.0206481123	-0.0872076658	0.0310238419	-0.0508738287	0.1254670097	-0.0133098417	-0.070903461	-0.0532858202	0.1348046746	-0.0696173225	-0.0277689144	0.1871681985	-0.0751516598	0.0159379046	-0.093789021	0.0394545546	0.0350330131	0.1003771687	-0.0412036013	-0.0578371361	-0.0686245541	-0.0339568906	-0.1045358911	-0.0370418705	-0.0503685845	0.0278715618	0.093291401	-0.0252795424	0.0409324826	-0.0398085362	0.0639813902	0.0837287617	-0.0604262564	-0.0660457616	-0.0494938405	0.0064992365	-0.0325987191	-0.0603003967	0.0947619099	-0.0815322207	0.0652801044	-0.0086665733	0.0936683036	-0.065275087	0.0987510248	0.0452910358	-0.07234296	0.0289921337	-0.0637275032	-0.0547227748	-0.0280061413	0.0982718685	0.1054209317	0.0926800688	-0.0066124914	0.0035125943	-0.0670650387	-0.0558317418	0.0246175007	-0.0136281448	-0.0308444966	0.0111495629	-0.0135148593	0.1234887381	0.0139247285	-0.0451272409	0.0237165475	-0.0823892903	0.0349233834	-0.0264759432	0.0923541327	-0.0067632594	0.0656445461	0.0062862751	-0.0233804732	0.0510608128	0.0238126909	-0.1422688792	0.0734626091	-0.0288089561	-0.0219368357	0.0419884337	-0.0682300815	-0.0978351141	-0.0118484738	0.0157653	-0.0106322	0.00024854468409	0.00011304367684	0.0412029	0.03869575	0.00169767896841	0.0014973610680625	0.213907	-0.03708	0.0013749264	0.045756204649	-0.000164475	1.0021999999999991e-05	1.0044048399999986e-10	2.7052025625e-08	0.000363158	-6.316000000000026e-06	1.31883732964e-07	3.9891856000000326e-11	-0.000143419	-2.8454e-05	8.096301159999998e-10	2.0569009561e-08	0.0
275.46875876992607	0.2655223014888292	0.0705020925879247	75883.03705824372	392.58162274390594	0.5243250944451461	154120.3305162385	0.2749168046649113	288.82000418199266	0.0824219525786702	83416.99481568625	0.0067933782668805	299.6198350137432	242.96736600578924	1.04784	20.435337	0.11014828	0.0657447	-0.0617192114	-0.0469180324	-0.0829222005	-0.0802401751	-0.1335047951	-0.0301808297	-0.0469019852	0.0453876715	0.0787171986	-0.0098491198	-0.1532315385	-0.0123233948	0.0124357164	0.0098098922	0.0612794307	0.0372416164	-0.0399673354	-0.1225223743	0.1343785212	0.0536441029	0.0542274774	-0.0148270751	0.07112154	0.0777978335	0.0839362658	0.0246134371	-0.0045538946	0.0278733179	-0.1211456573	0.0006138237	-0.1355152973	-0.0028949222	0.0231462947	-0.0209913391	-0.0488920345	0.1045761807	-0.060247964	0.1105398127	0.0477722433	0.0800379773	-0.0027806726	-0.0791712695	0.1168510205	0.0916391609	0.0003606765	-0.0453008563	-0.133359369	-0.0683852005	-0.0288283065	0.1028801947	0.0706865138	0.0632662113	-0.0271817734	-0.125955956	-0.0714034233	-0.1839262855	0.0247537837	0.0370172001	0.0469704249	0.0069367036	-0.088406761	-0.0175079634	-0.0222931652	-0.0472013327	0.0323755992	-0.0240624011	-0.1516970185	-0.0536632485	-0.0581831064	0.0292323061	-0.0682428371	0.0653862502	0.0716355019	-0.0073265701	-0.058153386	0.0325535684	0.0037850933	-0.0233762806	0.0661194655	0.0572924209	0.056788421	0.1266593714	-0.0888821005	-0.0372938775	0.0273731599	-0.0160102665	0.005736877	-0.0046165246	-0.0036470285	-0.0305213489	-0.00770454	-0.0192394512	0.0177906522	-0.0635643068	0.0697950629	0.0488388242	-0.0945190389	-0.1163324493	-0.0395519975	0.0812279619	-0.0260164503	-0.0099153852	0.0769366999	-0.0522782343	0.0654387709	-0.1162637808	0.1073602184	-0.0844802538	0.0079121216	-0.1071089449	0.1433696397	-0.1215544602	0.0372359431	0.1405705683	0.0504219966	-0.0075677086	0.0920642709	-0.0517971506	-0.0304365195	-0.0449305178	0.0408601064	-0.0715805399	0.0218935682	0.0033337237	-0.0155433412	-0.005104873	0.0327782168	0.0309951467	0.0054006041	0.0131821235	0.0334888825	-0.0597216581	-0.117145998	0.0671208439	0.0697013342	0.0237183629	-0.1093080904	-0.021207724	0.0690479843	0.01757361	-0.0416782611	0.015021683	-0.0355646836	0.001254913	-0.0700607083	-0.0423237196	-0.0479114498	-0.1737965595	-0.0498675298	0.1176353576	0.0362305064	-0.0333641572	-0.0809473665	-0.0351003009	0.012822033	0.0155168056	-0.0034424725	-0.0237284701	0.0647526411	0.0263995021	0.025318318	-0.1174861264	0.052768688	0.0313459907	-0.0193781464	0.1270435241	0.0042471042	-0.0195096471	0.0312994875	-0.0489056242	0.1042683053	-0.0997632386	-0.0003454326	-0.0506656141	0.0717255663	0.0440675751	0.1089413923	0.0568492009	-0.0211067672	0.0344448933	-0.0763938224	-0.1139837863	0.0617502105	0.0359723513	0.006217562	0.0404349114	-0.0707261675	-0.0961827994	-0.0050871859	0.0123722	-0.0033930999999999	0.0001530713328399	1.1513127609999997e-05	-0.00254344	-0.04374634	6.4690870336e-06	0.0019137422633956	0.16749	-0.046417	0.002154537889	0.0280529001	6.35998e-05	0.0002280748	5.201811439503999e-08	4.04493456004e-09	0.000428115	6.495700000000004e-05	1.8328245322500002e-07	4.219411849000005e-09	-0.000182224	-3.880500000000002e-05	1.5058280250000012e-09	3.3205586176000006e-08	0.0
275.7355615023964	0.266802732470353	0.0711836980536467	76030.09987704184	393.2573834761977	0.6757607322917352	154651.36965854518	0.4566525673074622	288.7560463765257	-0.0639578054669414	83380.05431900227	0.0040906008801471	299.459927452101	246.21141080889845	1.033194	20.149715	0.05892653	0.0286271	-0.0660062901	-0.0270063839	-0.0350963035	0.019227879	-0.103913192	0.0084689928	-0.0980854071	-0.1014939412	0.0455206987	-0.0574174244	-0.0644462273	-0.0001353205	0.0873356819	0.0697949632	0.0075137721	0.0070582859	-0.0749786053	0.0007230659	0.066671116	0.0461802561	0.1065439544	-0.090410645	-0.0329615143	-0.0513453013	0.097796212	0.0136321038	-0.0345732536	-0.0919365756	-0.0071577839	-0.2418004991	0.0565704311	-0.0925224618	-0.0010777147	-0.0275840464	0.0059209093	0.1187633754	0.1204153552	0.0395506627	0.0750733707	-0.0143427291	0.063471238	-0.0913526625	0.0294041852	-0.0358305706	0.045022039	0.0544343485	-0.0037903089	-0.0102717766	-0.1164991344	-0.024291119	0.0982304537	0.0923836479	0.1011070499	-0.0055877934	0.0440587214	-0.0155360391	0.0385855658	0.0722031738	0.1116565811	0.0052114376	0.0094500338	0.0479016203	0.0098009462	0.0817803324	-0.0525036623	-0.0379249294	-0.0842404552	0.0797374553	0.0843922877	-0.1367690836	-0.0522849248	-0.0486026944	0.0191359091	-0.0557015539	-0.0765109562	-0.0502630367	-0.0252287009	0.0015491223	0.0546996203	0.0151760509	0.0319318455	0.0128718223	0.0698634238	0.020723876	0.013624429	-0.062248593	-0.1092357149	-0.0549731374	-0.0274756586	0.0328686306	0.0589368781	-0.0440271081	0.0163717426	0.0485793204	-0.0735479604	-0.0563772256	-0.0209091934	-0.0787365093	-0.1012357243	-0.029129076	-0.1098558386	0.069823074	-0.025980985	-0.0484688966	0.0418380272	-0.1244707865	-0.0122803841	0.0209185201	0.0081962386	-0.1507732648	0.1051448641	-0.0961936914	0.0421767484	-0.0851386913	0.0059032663	-0.0187749962	-0.02909155	0.0047066789	0.0480844762	-0.0092861876	0.0477829751	0.0106538	-0.0376630712	0.0097191618	-0.0531994359	0.0419934685	-0.0639164062	-0.067104162	0.0073469136	0.024481513	-0.0425466181	-0.0730287422	-0.1827332275	-0.091107271	0.0612595094	-0.0790199828	0.0116028341	0.0393922617	-0.0145072129	-0.0050073007	-0.0378443996	-0.1677237762	-0.090619125	0.0976870304	0.0329253641	0.020589535	-0.0223364271	0.0319877094	0.0791462095	-0.0086265852	0.0733964476	-0.0726280463	0.0801880691	0.0369034626	-0.0903996419	0.0254500556	-0.1383429183	-0.0030395081	-0.0254648375	-0.0054725632	0.1161313129	-0.1019805101	-0.041691128	-0.0747261932	-0.0883761595	0.0554134122	0.0386150162	0.037575354	0.1145166039	0.0052181931	0.0834359358	-0.1325190902	0.0142572029	-0.0052831084	0.0176970823	0.0457007126	-0.0129952581	-0.0048983748	0.0086176153	0.0303449314	-0.0850563702	0.0960943282	-0.0608327195	0.1117257713	0.0245945732	0.0388703345	-0.0731449155	-0.094293869	0.0016963469	0.0172323	0.0048600999999999	0.0002969521632899	2.3620572009999992e-05	0.0172741	0.01981754	0.00029839453081	0.0003927348916516	0.177983	0.010493	0.000110103049	0.031677948289	-0.000251185	-0.0003147848	9.908947031104003e-08	6.309390422500001e-08	0.000536425	0.0001083099999999	2.87751780625e-07	1.1731056099999994e-08	-0.000234247	-5.2023e-05	2.706392529e-09	5.4871657009000006e-08	0.0
275.88673296088064	0.1511714584842138	0.0228528098602443	76113.48942382826	393.58721362368334	0.3298301474856657	154910.89472805493	0.108787926190416	289.070575807291	0.3145294307652762	83561.79779755877	0.0989287628175286	299.83022112133426	246.2570698777469	1.087049	21.200008	0.0765405	0.0498394	-0.1043969373	-0.0656140397	0.0338543941	0.0760285221	-0.1165417309	-0.0564050162	-0.0901019152	0.0232293886	0.0972589052	-0.0800075571	0.0545454182	-0.0401976228	-0.0045708199	0.0412544799	-0.0569918755	-0.0038701144	-0.056874819	-0.0984053494	0.0401885151	-0.0646695532	0.0657138732	-0.0287076853	0.0382108417	-0.0068345901	0.0302085933	0.1196701585	-0.1991228196	0.0126626216	-0.0084564907	-0.0875769147	0.101678759	0.157686296	-0.0938930181	-0.0355225296	-0.0434504445	0.1646309567	0.0261762241	0.0324197889	0.005590321	-0.0521024152	-0.1453536576	0.0877159185	-0.1077100042	0.0119973392	-0.0291776034	0.1323444056	-0.0093723848	-0.0048491417	-0.1058713773	-0.0548289799	0.0160688484	-0.0996692242	-0.0343337079	0.084253764	-0.0464592204	0.0111632759	-0.0922657585	0.1049402223	-0.002236848	-0.0569366592	-0.0386667785	-0.0221419226	0.0957984787	0.0199272715	-0.1949684981	-0.0951429904	0.054076344	-0.0790232176	0.0866562667	0.0263085414	0.0285201897	-0.0185319225	-0.0355309558	-0.0342797556	0.0315680642	-0.0418982057	-0.0032409956	-0.1808854972	-0.005475644	-0.0499897279	-0.0258963795	-0.0760034246	-0.0398628988	0.0824344026	-0.0321988164	-0.0270223669	-0.0156387191	0.125247233	-0.0441682628	0.156828416	0.0583937446	-0.0249753759	0.0743134423	0.0914237517	0.0354041838	0.1420345174	-0.0657288283	-0.1061527896	-0.0323980477	-0.0726758735	0.0398413671	-0.0049849646	0.0526964629	0.1358941384	0.0592815905	-0.0306312949	0.0411995784	-0.0383128766	-0.0426837325	-0.0974038158	0.0418046806	0.1174983979	-0.0578112992	0.0235487436	-0.1100550805	-0.0066109025	0.0822013684	0.0232863272	0.0481214933	0.0516414639	-0.0237742127	0.1662059663	0.016644729	-0.0447176497	-0.0359603306	0.0097536561	0.0134489418	-0.0862118292	-0.0635252972	-0.112342791	-0.0307174511	0.0954193225	-0.0034708714	0.0478150093	0.0875569378	-0.0199077692	0.1000584612	-0.0298235685	0.0222268663	-0.0286859563	-0.1086683832	-0.0990334553	0.0160431439	-0.0837040166	0.0864698801	0.0314589822	-0.0025791444	0.1310986726	-0.0780973766	0.0184493745	-0.046717084	-0.0813089277	0.0415320596	-0.0608201123	0.150609254	0.0698020596	0.0412583432	0.1083080875	0.0751205492	0.0440178903	0.0272467684	-0.0733183985	0.0216297831	0.0963027147	-0.1120809518	0.0295714675	0.0672181365	0.0066527156	0.1355472367	0.0460335322	0.008155862	-0.0743033223	0.0034093578	-0.0581411509	-0.1100548492	0.0465863228	-0.0144293578	0.0036110049	-0.0175599628	0.0164283721	0.0417888594	-0.0635997512	0.0380423154	0.1076816104	0.0725575121	0.0372951309	-0.0754836805	-0.0921729699	0.0084724621	0.0170812	-0.0001510999999999	0.00029176739344	2.2831209999999324e-08	0.0535356	0.0362615	0.00286606046736	0.00131489638225	0.211738	0.033755	0.001139400025	0.044832980644	-0.000264127	-1.2942e-05	1.6749536399999998e-10	6.9763072129e-08	0.000421909	-0.000114516	1.78007204281e-07	1.3113914256e-08	-0.000234247	0.0	0.0	5.4871657009000006e-08	0.0
275.8705815018352	-0.0161514590454316	0.0002608696292962	76104.5777381607	394.07247331594783	0.485259692264492	155293.11422534843	0.2354769689366295	289.0130906391516	-0.0574851681394079	83528.56656079445	0.003304544556016	299.85615331400186	250.26719794936784	1.118768	21.818604	0.1307954399999999	0.0715322	-0.0632862573	-0.0437897785	0.0123200161	0.2054341768	0.0291885813	-0.037922743	0.0663380723	-0.0463019529	0.0615134042	-0.0745965718	0.1221507948	-0.1038845981	-0.0005176903	0.0079100188	-0.0549664218	-0.0298812076	-0.0722607764	0.0293915408	0.0319781692	0.0690153213	0.0331419353	-0.0826786375	-0.0474350675	-0.1525521316	-0.048510682	-0.0210778948	-0.1040531464	0.0444674766	0.0680262694	0.0170917924	0.0327345687	-0.1013512024	0.0005978514	0.0219900918	0.0177942361	0.1172858015	-0.0167530551	-0.0336441394	-0.0152488103	0.0243345122	-0.0024784351	0.0011038481	-0.0616380694	0.0294630528	-0.0438135067	-0.0026856853	-0.1286041308	-0.0551248703	0.0439869742	0.0632590069	-0.055007823	-0.0375688372	0.0339059518	-0.0789542324	-0.0157801204	0.1598470476	0.0655984173	-0.0752554196	-0.0728719752	0.0335945179	0.014693444	0.0551483373	0.1847304909	0.0118951766	-0.0716984591	0.0023784634	-0.0196900711	-0.0474870641	0.1179276181	0.0394200163	0.1264238724	-0.046981509	0.1394961563	-0.0545198131	-0.1660024385	0.0220672509	-0.0627539142	0.0262290138	-0.0519203922	0.0166464928	-0.0487853835	0.1071797237	-0.0140120307	0.0242614494	0.0696527533	-0.0029280682	-0.1140664717	0.0604045634	-0.0966622821	0.00162401	-0.0272624314	-0.0736275172	-0.0045738413	0.1074900138	-0.0117165876	0.116197588	-0.0619054089	-0.1006632812	-0.0112480554	-0.0909624543	-0.0036174831	0.0164733536	0.0498190464	-0.0602538949	-0.002742241	-0.0232194168	-0.1240609944	-0.1011585397	0.0117833315	0.022660028	0.0593173361	-0.0847448125	-0.1283272729	0.0452952549	0.0494961186	-0.0888311488	0.0818489198	-0.0668446571	-0.0767956125	0.1615914085	0.0040072189	0.0150283026	0.0135480741	-0.0428145357	-0.0591218426	-0.0075881508	-0.0377152482	0.0349600764	-0.0747744323	0.019655923	0.1082012988	0.0472637223	-0.017226225	0.1396760938	-0.0516105691	0.0499186297	0.0966952981	-0.0213272175	0.0349667503	0.0716470017	0.0995556792	-0.0774935363	-0.0688666322	-0.0482299369	0.1383598231	0.1667316718	-0.0497601414	0.0365180476	-0.0408725598	-0.0836329708	-0.0402338943	-0.1668211655	0.0205801189	0.0419518005	0.0750572999	0.1325216134	-0.0738091834	0.0563875037	0.0517211939	-0.0509206635	-0.0344037136	-0.033520279	-0.0155846407	-0.0427298141	-0.1032409087	0.0013763114	0.1339480699	-0.0902019945	0.0386547134	0.0379657963	-0.1070870305	-0.0666570774	0.0294417465	0.0141461111	-0.1428650446	0.1239659747	0.0355306512	0.0678574468	-0.0441699899	0.0810365773	-0.0029864051	-0.0635831082	-0.0128491781	0.0685470108	-0.0799315028	0.0357097311	-0.0777399053	-0.0898253196	0.0152115293	0.0360251	0.0189438999999999	0.0012978078300099	0.0003588713472099	-0.00392533	-0.05746093	1.5408215608900002e-05	0.0033017584764649	0.233111	0.021373	0.000456805129	0.054340738321	-0.000582666	-0.000318539	1.01467094521e-07	3.3949966755600005e-07	0.000385706	-3.6203000000000006e-05	1.48769118436e-07	1.3106572090000003e-09	7.13632e-05	0.0003056102	9.339759434404e-08	5.09270631424e-09	0.0
275.4031613564119	-0.4674201454233184	0.2184815923475561	75846.90128510584	393.584759035048	-0.4877142808998087	154908.96254467682	0.2378652197936175	288.78091834199324	-0.2321722971583426	83394.41879844497	0.0539039755677817	299.8016741373717	249.263618516695	1.063452	20.739813	0.110453137	0.0664485	0.0045450783	-0.0414370533	-0.0141872405	0.2299420422	0.0223551145	0.0600374545	0.0011202854	0.0486369096	0.0549658072	-0.0244959947	0.1598787839	-0.1111971761	0.1020538616	0.0002090054	-0.0644346921	-0.0365583927	0.0064448252	0.0851127452	-0.0801495817	-0.0489596904	0.0586294155	0.0372081171	-0.1357989776	-0.1203406794	0.0394989585	0.0430314242	0.0294210827	0.0918612938	0.0422068204	0.047391209	-0.0719315033	-0.0326870653	0.0152093326	0.0169190365	-0.1117418809	0.0929420715	0.0941092585	-0.0129357655	-0.0260344756	0.0837580374	0.0248839308	-0.021903465	-0.1182065086	0.0369462372	0.1173066914	-0.0074369953	-0.0353559673	-0.0136719753	-0.0357957002	-0.0264367059	0.0137971706	0.1054444218	0.0458531286	-0.0433063512	0.024436191	0.0780757343	0.0679244155	-0.1113800037	-0.0228026452	0.0078299634	0.0254843025	-0.1225071587	-0.0454770238	0.00886758	0.017897769	0.0098494486	-0.1009176154	0.1304229159	-0.0533854244	0.141851583	0.0834380132	0.1428499176	0.0619656821	-0.0176575181	-0.125885757	-0.0423738415	0.1110603417	-0.0092429792	-0.1078898735	0.012978051	-0.0255393052	-0.0567247951	-0.1047324921	0.0540210537	0.0412565954	-0.0772480337	0.0408554127	0.0547501758	-0.1002196526	0.0824297013	-0.0443802879	-0.0315810686	0.0180850403	-0.0222161756	-0.1298975052	0.0519259421	-0.0673287476	-0.0714511778	0.0026804025	-0.164640271	0.026988711	0.0239732739	0.0106365106	-0.0902441161	-0.0092029919	-0.0556625583	-0.1140961715	0.0018566556	-0.0704571908	0.0805806796	0.0751459838	-0.1238761645	0.0080055237	-0.0306940648	-0.0452313849	-0.0091913206	-0.124630177	0.033407197	0.0048123392	-0.0505722983	0.1362133386	-0.0379205236	0.0603379511	0.0717664899	0.0876890857	-0.0016050097	-0.0659028495	0.0712618929	-0.0386743682	-0.1208889996	0.0298242464	0.0568933233	-0.0207055502	-0.0035182643	0.1257816647	0.0724094122	-0.0891189195	0.0472100515	0.107877041	0.0834099629	0.0436814128	0.0671287323	-0.0060567521	-0.0223342391	-0.0076254316	-0.0560755877	0.024388107	0.058974948	0.0910070518	-0.0730925181	-0.027446534	-0.0265849976	-0.0414664425	0.0370469204	-0.0660442345	0.1240568997	0.0055918824	0.058943645	0.0446395133	-0.000675151	0.1287672777	0.0103081075	-0.025960288	-0.0031175077	-0.0911659793	-0.0406435811	0.1452825634	0.0772044235	0.014266684	0.0579989121	-0.1617447581	-0.0303014128	0.0598704179	0.0617591307	-0.092124718	0.0336328532	-0.0087488165	-0.0222200669	-0.0381922273	0.0264871213	-0.083979818	-0.0621154694	-0.0429975188	-0.0680964705	-0.1277849454	0.0341145687	-0.0799111227	-0.0872566935	0.0218840804	0.0331545	-0.0028705999999999	0.00109922087025	8.240344359999965e-06	0.0380623	0.04198763	0.00144873868129	0.0017629610730168	0.282613	0.0495019999999999	0.0024504480039999	0.079870107769	-0.000754732	-0.000172066	2.9606708356000005e-08	5.696203918240001e-07	0.000314556	-7.114999999999997e-05	9.894547713600001e-08	5.062322499999995e-09	-7.27894e-06	-7.864214e-05	6.184586183779601e-09	5.29829675236e-11	0.0
274.8859307350585	-0.5172306213534057	0.2675275156656301	75562.27491607938	394.0956878999913	0.5109288649432528	155311.41122136734	0.2610483050322007	288.7167197803453	-0.0641985616479701	83357.34428072242	0.0041214553176682	299.6424333475097	245.4247735658889	1.083519	21.131172	0.0915698229999999	0.0439558	0.0687971217	-0.0676825153	-0.0106289445	0.1773675776	-0.0191899647	-0.0177572981	0.0579684862	0.0607263952	0.0349137972	0.0502745396	0.107972793	-0.1342332768	-0.0844287342	-0.060004638	-0.0577869094	-0.0796651945	0.0088287857	0.0405285933	0.0766180049	0.0394458307	0.0618487242	-0.1436813706	-0.0179753234	0.0141091944	-0.1055711303	0.1138029532	0.0997546309	0.0092445164	-0.0379105498	0.0659054102	-0.1601752931	0.000172305	-0.0151157895	-0.0114494734	0.0523939375	0.0221076906	-0.0017706241	-0.0056789806	0.0020706862	0.0648180414	-0.0090877984	0.03413665	-0.1391112694	-0.1096020133	-0.1078903434	-0.0042966221	-0.0536019487	-0.0300416658	0.0787807999	-0.1135985423	0.0502580444	0.0185371954	-0.0485564793	0.0240691361	-0.0408871987	0.1597306591	0.0077105167	-0.0730763992	-0.0097118485	0.0525445993	0.0481729968	0.0527898363	0.0760232086	0.0127253753	0.0265937381	0.1414631752	-0.0763149265	-0.0522352612	-0.0447668167	0.0109486183	-0.0153732131	0.0083178233	0.1609248142	0.0578063966	0.0129822734	-0.0999352745	-0.039920026	0.0887340292	0.1207120213	-0.0264879871	0.0447116971	0.056719584	0.1725857359	0.0687275771	-0.0094434184	-0.0503072553	0.1034933944	-0.0247146844	-0.0940783169	-0.092312258	-0.0917598885	0.0921235378	-0.0136068715	0.0772840547	-0.1391386427	-0.0615557444	-0.0116518725	-0.0235757455	0.0491927467	-0.1013326639	0.1134437022	-0.0984249934	0.109348306	-0.0317399471	0.0438990909	0.0104905708	-0.1216616277	0.0555218708	0.043754869	-0.0164667555	-0.0334382807	0.0033330246	-0.133802865	-0.0478737033	-0.0467305507	-0.1002752442	-0.1357043235	-0.032162606	0.0062190281	0.0938163629	-0.0404960824	0.1101004698	-0.0819137918	-0.0721251585	0.0476056622	-0.0563013245	-0.0304427062	0.1319469347	0.0384258844	0.0677851814	0.0565414449	0.1639847264	-0.0544897819	-0.0609609166	-0.1504353732	-0.0256625508	-0.0623846633	0.0475246374	-0.0398602014	-0.0440250376	0.0271068102	0.1614114372	-0.0235983835	0.011329993	0.0388525814	-0.0423730583	0.0274220976	-0.091361236	-0.0637872327	-0.013029362	-0.0223778952	-0.0375341443	0.0506130351	0.0378593309	-0.0087938642	0.0704013809	-0.0477295198	-0.040069643	-0.0592058786	0.0338104439	0.0271678703	0.0519648957	0.0463466881	0.0886273032	-0.0382421861	0.0272920852	0.148755979	-0.0057304607	-0.0748912209	0.0195689221	-0.1182365354	-0.0400601792	0.0931541885	0.1089121871	-0.0700312514	0.0893752587	-0.0093565414	-0.052339693	-0.0045473716	-0.0260576396	-0.062208782	0.0073702893	-0.083000413	-0.0016113292	-0.0623622884	0.0325100797	-0.0819949584	-0.0844734105	0.0284609379	0.0346001	0.0014455999999999	0.00119716692001	2.089759359999995e-06	0.00969263	-0.02836967	9.39470763169e-05	0.0008048381759089	0.314424	0.0318109999999999	0.0010119397209999	0.0988624517759999	-0.000438171	0.000316561	1.0021086672100003e-07	1.91993825241e-07	0.000369897	5.5340999999999984e-05	1.36823790609e-07	3.0626262809999983e-09	-0.000234248	-0.00022696906	5.15149541972836e-08	5.4872125504e-08	0.0
274.6130199651776	-0.2729107698808661	0.074480288316967	75412.31073439504	392.09586381327495	-1.9998240867163304	153739.16641947825	3.999296377810805	288.2588941226217	-0.4578256577235606	83093.19004079684	0.2096043328700109	299.01451082896403	241.271129133566	1.064859	20.767258	0.0909467399999999	0.0414797	0.1228185896	-0.0220594464	-0.0701621299	0.1353250981	-0.0289764231	0.0095014354	0.0736406602	0.0209415867	-0.0444814061	0.0752549068	0.035865013	-0.1546792197	0.1753813474	-0.0149194552	-0.0496081082	-0.0570204654	0.0106121984	0.0450136009	-0.0322408123	-0.1704072354	-0.0520127179	0.0113404982	0.0063009122	-0.0476384213	-0.0131133798	0.0211119629	-0.0150813155	0.0351253504	0.1428297598	0.0523803639	-0.1203377584	0.0134145068	0.0969837889	-0.1144933631	0.0275671056	0.0115159404	0.0131011356	-0.1245692212	0.1255306226	0.1405131521	-0.0564908607	0.0392813375	-0.0080345519	0.0039017717	0.0411439926	-0.0169771931	0.0650365684	0.1043018722	-0.141949774	-0.0143312016	0.0154356907	0.0956785358	-0.032339596	-0.0188390614	0.053891993	-0.04784874	-0.0928389428	0.0301935591	0.0140537429	0.0790648581	0.096210448	-0.0897840689	0.0435594208	-0.0177339995	-0.0356522166	0.169990736	0.1998590704	0.0964630401	-0.0307543029	0.0323440959	0.0758289515	-0.0630910648	-0.0927271833	-0.0032438934	0.0185605549	-0.1534095044	-0.0552883348	0.0100423167	-0.0006675096	-0.0542776768	0.1010267138	0.0633722975	0.0930591106	0.0956305694	0.0276060162	0.0683695329	0.056649629	-0.1356297054	0.0109684068	-0.1622379957	-0.034982592	0.0398173118	-0.0013259897	-0.09026969	-0.0414317457	0.0498137132	-0.0513133639	-0.0398620221	0.0436698549	-0.1100362897	-0.0189135022	-0.132018786	0.0151480338	-0.1178215918	-0.1075697832	-0.0045054489	0.0292472257	0.070890087	-0.1126320104	0.0517697406	0.1180200599	0.1493848523	0.0678709005	-0.0671805926	-0.004358712	0.0375586569	-0.0281681733	0.0167944059	0.0285300791	0.0953072799	-0.0137384002	-0.0759388537	0.0569161223	0.063764407	0.0180430232	-0.0845109092	-0.0655715518	-0.1192959016	0.1131684975	0.095284133	-0.093356724	-0.0374636773	0.0988654124	-0.1222934157	0.0504948181	0.0268830788	0.0265979638	0.0197350041	0.0076235711	-0.0014895646	0.1715863964	0.112431435	-0.0508175712	0.0548850066	0.0364504618	-0.0555874069	-0.0761625267	-0.0570459156	-0.1065347327	0.023034471	0.0146013793	-0.0299757547	-0.0649483215	0.0310558194	0.018391645	-0.0497761353	-0.0574396932	-0.2357915745	0.0525556099	-0.0395061694	-0.0523649016	0.0322912926	-0.0237072377	-0.0495967802	-0.0216011934	0.0173440947	0.1910951252	0.0099391945	-0.1284211647	-0.0455241686	-0.0746682277	-0.1167391907	0.0142557398	0.090997321	0.0625615965	0.014525403	0.0098241101	-0.1064886159	0.0059834454	0.0250922347	-0.0226649902	-0.0741948124	-0.0335209508	0.0434590134	-0.0323995506	0.0308967027	-0.0839891338	-0.0814823178	0.034913343	0.0241066	-0.0104935	0.0005811281635599	0.00011011354225	0.00055179	-0.00914084	3.0447220410000005e-07	8.355495590560002e-05	0.297773	-0.0166509999999999	0.0002772558009999	0.088668759529	-0.000330903	0.0001072679999999	1.1506423824e-08	1.0949679540900001e-07	0.0008332809999999	0.0004633839999999	6.943572249608333e-07	2.147247314559073e-07	0.000288328	0.000522576	2.730856757760001e-07	8.313303558400002e-08	0.0
274.82874462136533	0.2157246561877173	0.0465371272873088	75530.83887015564	393.007348260962	0.9114844476870304	154454.77578711306	0.8308038983753306	288.5722753316007	0.3133812089789671	83273.95809005715	0.098207782141119	299.4792834446618	238.88377924513583	1.075503	20.974848	0.084961935	0.0420147	0.1358194729	0.036244051	-0.0357719416	0.0884541082	-0.0991425885	-0.0600880595	-0.0690402248	-0.0435313381	-0.0328448389	0.0692170393	-0.0130946581	-0.1937249167	0.0258887862	-0.0031318461	-0.0168271847	0.007392853	-0.106969101	-0.0970923418	0.0040555088	-0.1036313069	0.0706541049	-0.0443473352	-0.052731681	0.0485156352	-0.0454791915	-0.0845354698	0.0090153347	-0.0921948209	-0.0485287005	0.0747998293	0.0207086879	-0.0775900823	-0.0861321188	0.0750577363	0.1310775861	0.0788826948	0.0133848262	-0.111043448	0.0048758	-0.0277463853	-0.0877407621	-0.0386198754	0.0163237533	-0.0519204096	-0.0724724681	0.001708532	0.0480666528	-0.035735965	0.1014716923	0.0277041401	0.0511123761	-0.03669848	0.0097540689	-0.0794609884	0.0785736624	0.0099852684	0.1676031856	-0.1744258327	-0.0032250476	-0.0323387054	-0.0530500908	-0.0296288744	0.0557955451	-0.0806845872	0.0963261022	0.1056554624	0.0309719029	0.0599588752	0.0588876609	0.0612965394	-0.1207350862	0.0459713637	-0.025173665	-0.0241016036	0.0851920009	-0.0182126774	-0.0809957046	0.0139316153	0.0477238632	-0.15164967	-0.0029722873	0.0455671997	-0.0380861167	0.0002960617	-0.1183241767	0.0913025087	0.0872047783	-0.0812090173	-0.0317091373	0.1182044816	-0.0827710131	-0.0238132189	-0.1017685474	0.049517679	0.020757337	0.0085144942	0.0711835973	-0.019218842	0.0885775856	-0.1606441054	-0.0054034399	-0.1112415157	0.0018162186	0.0668571633	-0.0308616892	-0.0047638032	0.0001864699	0.089623074	0.0915581604	-0.0496031642	-0.0416551187	0.0386156984	0.0022608022	0.015737025	-0.0216499701	-0.0199749532	-0.0134792326	-0.0629184503	-0.1298812443	-0.0264326854	0.0445638123	-0.1389581778	0.0889166894	-0.1227551555	-0.0298806813	0.1160824495	-0.0347133745	0.0458100341	-0.0044796429	0.071111922	-0.0679608029	-0.0610801833	0.0179017612	-0.0711086914	-0.1509157368	0.0072292661	-0.0695849051	0.0537883169	-0.1343970732	0.0637444953	0.0048278347	0.0150722197	0.0139935241	0.0426596633	-0.0030454462	-0.0904460995	0.0440420876	0.0753060943	0.0278441743	0.0312981149	0.0384859091	-0.031966176	-0.0675582127	-0.0147642034	0.0513997418	-0.0276293931	-0.0541910725	0.004031315	0.0285920988	-0.0081557507	0.0156441278	0.0195292464	0.0163991894	0.0293236089	0.0329133615	-0.0368428305	0.1555465352	0.0756278748	0.0118618674	-0.0621460366	0.0559297763	-0.1021099444	-0.0344799757	0.0902666135	0.0104034802	-0.0139210054	0.0779299652	-0.1199050951	0.0596234144	0.018397551	-0.0220027726	-0.0233741381	0.05191792	0.0202686023	0.0445549221	0.0292748789	-0.0858914684	-0.0782907735	0.041213081	0.0263608	0.0022542	0.00069489177664	5.081417640000006e-06	0.0219499	0.02139811	0.00048179811001	0.0004578791115721	0.299535	0.0017619999999999	3.10464399999995e-06	0.089721216225	-0.000922214	-0.000591311	3.49648698721e-07	8.50478661796e-07	0.000479569	-0.0003537119999999	2.29986425761e-07	1.2511217894392925e-07	4.23985e-05	-0.0002459295	6.048131897025002e-08	1.7976328022499995e-09	0.0
275.10491568698785	0.2761710656225205	0.0762704574870785	75682.7146351447	392.8317411655361	-0.175607095425903	154316.77686714672	0.0308378519639222	289.0461020155074	0.4738266839067364	83547.64909035912	0.2245117263820543	299.7014361130801	239.00107326906843	1.049854	20.474617	0.129058495	0.0730077999999999	0.0997209472	0.0682494573	0.028734651	0.0242955254	-0.0560312354	-0.1268189362	0.0088402861	-0.0521183134	-0.0788307757	-0.0002856697	-0.0099118234	-0.1302076835	-0.0458210273	-0.0521162727	-0.1633982385	-0.0740660631	-0.1007508657	0.0603164613	-0.0942356532	0.0540177589	0.0281387566	-0.0449625681	0.1968501845	-0.0276753371	-0.0225001264	0.0967020677	0.0180127056	-0.0497415032	-0.1236387526	0.1095213223	-0.0156304189	-0.086197301	0.0815824321	-0.0308492457	-0.140141947	0.0767323365	-0.1069332479	-0.086273656	-0.0816453273	0.0168851005	0.0162191875	0.002891506	-0.0246037522	0.2047597861	-0.0739610797	-0.0316971168	0.0485894176	0.0200149356	-0.0327285032	0.0215385726	0.0021747237	-0.0442204463	0.0769942168	-0.0795309432	0.0850360344	0.0741870385	0.038821957	0.0054355756	0.0228578553	0.0843943676	-0.0039030873	-0.102678488	0.0168695787	0.0506292208	0.0604835714	-0.0076770099	-0.0129240633	0.0288840669	0.0019965524	-0.0427682721	0.0800913591	0.137538047	-0.0911718492	0.0254231396	-0.059297486	0.0499469368	-0.0154507269	0.0368967014	0.0100985795	-0.0692803078	-0.0440467014	-0.0888359875	0.0302430389	-0.0435580866	-0.0798506229	-0.0649566608	0.0482756925	0.0439011704	0.0694357344	-0.0158974499	0.044478355	0.0117517755	0.0884968908	-0.0104578762	0.0805158862	0.059220773	0.0530965667	-0.021022475	0.1729005533	-0.0687232395	-0.0708071671	0.0046544927	0.0917917362	0.0043628135	0.0637281504	0.0121178829	-0.0157285029	-0.0499964718	0.0724504511	0.1524934882	0.0895755465	-0.0446451398	0.0607731254	-0.0098458312	-0.0911477064	0.0982734883	-0.0640711423	-0.0250213022	-0.0550658887	0.1030729912	-0.0256158498	0.0154991961	0.1088109838	-0.0816244157	-0.0044456794	0.0559160248	-0.0342860698	-0.0177117646	-0.0553654126	-0.051676292	0.0071867402	0.0268710251	0.0857863237	-0.0341782933	0.0227814598	0.040838223	-0.0044562129	-0.0313402961	0.0246264268	-0.0601459643	0.0275927343	-0.0327412322	-0.0361041096	0.1298736345	0.0559080858	0.0191202098	0.0123734996	0.0170492468	0.0904309562	-4.52612e-05	-0.049073238	0.0379983432	-0.0552349526	-0.0312351199	0.067516915	-0.0715155493	0.0933045921	0.0956470864	-0.0731562166	-0.0746809035	-0.0641788643	0.0349791871	0.0511793795	-0.0041603195	0.0896192735	-0.053127172	0.0877543259	-0.1057398972	-0.0060122342	0.0415568161	0.0759852072	-0.1110112713	-0.076447665	0.0978200848	-0.0508374806	0.0350035362	0.176116555	-0.0625237762	0.0106164604	0.0254869275	-0.0669978096	-0.0466594842	-0.0714801822	-0.0067109735	0.0276759045	0.0276450517	-0.0876998819	-0.074906629	0.0473326046	0.0320765	0.0057157	0.00102890185225	3.266922649000001e-05	-0.0400035	-0.0619534	0.0016002800122499	0.00383822377156	0.298154	-0.001381	1.9071610000000584e-06	0.0888958077159999	-0.000324896	0.000597318	3.56788793124e-07	1.0555741081599999e-07	-8.29545e-05	-0.0005625235	6.88144907025e-09	3.164326880522501e-07	8.27249e-05	4.03264e-05	1.62621853696e-09	6.8434090800099995e-09	0.0
275.2954673069529	0.1905516199650492	0.0363099198713045	75787.59431975357	393.13819031618937	0.3064491506532931	154557.63668508834	0.0939110819361247	288.8458391721842	-0.2002628433232303	83431.91880708329	0.0401052064159046	299.59718438415075	240.00166243526755	1.029882	20.085117	0.1045032299999999	0.05323	0.0459378171	0.1066435939	-0.0286898684	-0.0266358352	-0.0258006854	-0.0448926171	0.0036555307	-0.0768508913	-0.1006974245	-0.0388762085	-0.0337989662	-0.0132569347	0.0564145026	0.0549856348	-0.0502297634	-0.0267862921	-0.0632479093	-0.1651726827	-0.0984652333	-0.0507116076	-0.0930781159	-0.1110897988	0.0554782658	-0.0482714671	-0.0008273095	-0.0148530857	0.0875312632	-0.0220817352	0.0660159837	-0.0105838055	-0.0157703657	0.1567988675	0.0171828559	0.0695533093	0.0952783785	0.0631960555	-0.0295340896	-0.145233511	0.0135468935	0.0026036403	0.0292251777	-0.0885366722	0.0702414965	-0.0291357133	-0.0983864497	0.1154562517	0.0002253683	0.091200252	0.0270650938	0.0079842873	-0.0404683105	0.0841448251	0.1390286807	0.1767081298	0.0025907254	0.059992036	-0.0300240618	0.0165525174	0.0623339781	0.0095576307	0.1186956265	-0.0259483277	-0.1360872678	-0.1106229407	-0.0147779084	-0.0444167717	-0.1029996773	-0.0661358926	-0.0083346963	-0.1223014261	0.0402365967	-0.0624463226	-0.0467717529	0.0571692867	0.0007599608	0.0185587084	-0.0747549523	-0.0335469441	-0.0617579376	0.0021476283	-0.0414485138	0.0780089161	-0.0709725447	0.0400680179	0.056711258	-0.1251468641	-0.007058713	-0.0926300007	0.1280036998	0.1284360113	0.053609917	0.1703699645	-0.0249584912	0.0274273542	0.0736510685	0.0593767221	-0.0159856024	-0.0110359831	0.0959515199	-0.0589630611	-0.0962717551	0.0070980643	-0.0446498017	0.0060914102	-0.0309785145	-0.1370480664	-0.0293189846	0.0639188155	0.1077673129	0.0513338786	0.0132069321	0.0484135381	0.085161867	-0.1053976237	0.1053054267	0.0151699266	-0.1397744578	0.1118333036	0.060295269	0.035385945	-0.1128999657	0.1182045957	-0.0186596972	0.1315813728	-0.0711376192	0.0094119892	0.0856089547	0.0921873307	-0.0607201015	0.0867060167	-0.0559073662	-0.0847684161	-0.0698359164	-0.0279562795	-0.0019363877	-0.1190686425	-0.0198708729	0.0037260585	0.0987408397	0.0610473153	-0.0504394239	-0.0106633894	0.0267151475	-0.021241613	0.085769957	-0.049474935	0.123753191	-0.0526858629	-0.0446150708	0.005038551	0.09474286	0.1115113911	0.0365700124	-0.0618027166	0.23720123	-0.0751596468	-0.0157908939	0.0303656293	0.0362521112	0.0202884916	0.1024951497	-0.0284853845	-0.0025168417	-0.0927645	0.0797266166	-0.0541992222	0.0437753603	0.0234294775	-0.0163413785	0.0545967964	-0.0550860528	-0.0726798189	-0.079122864	-0.0095282008	0.1374651461	0.0381076072	0.0743886256	-0.021461306	0.0711692213	0.0342686357	-0.1162234033	-0.0294431306	0.0251567766	0.0309047712	0.1162935682	0.0260076665	-0.0894123968	-0.0713382097	0.0532451548	0.035458	0.0033815	0.001257269764	1.1434542250000018e-05	-0.0221558	0.0178476999999999	0.00049087947364	0.0003185403952899	0.251987	-0.0461669999999999	0.0021313918889999	0.063497448169	-0.000517899	-0.000193003	3.7250158009000026e-08	2.68219374201e-07	0.000357629	0.0004405835	1.2789850164099998e-07	1.9411382047225e-07	0.000191279	0.0001085541	1.1783992626810005e-08	3.6587655841000004e-08	0.0
275.4598125315706	0.1643452246177048	0.0270093528546438	75878.10831992803	393.3372200116449	0.1990296954555219	154714.16864648912	0.0396128196731178	288.7460179556019	-0.0998212165822565	83374.2628852168	0.0099642752799617	299.4422122410777	245.2310305864501	1.122263	21.88677	0.0899929399999999	0.0467111	-0.0180540507	0.0559171738	-0.0983380299	-0.0063597505	0.0537861765	-0.0258287675	0.0378367809	0.0817722763	-0.0286824555	-0.0462394301	-0.0158856555	-0.0347000329	-0.0721504816	0.0285063795	0.0197890888	0.1146828132	0.0174649357	-0.1031622966	-0.0630730124	0.0719808741	0.0128195107	0.0139876114	0.0623794393	-0.0537156654	-0.0546172023	0.0704329737	0.0395503423	0.0903692883	-0.0075413716	-0.115394078	-0.0218740327	-0.1170963478	0.0024428973	-0.0291866993	0.0829513961	0.0396423275	-0.0730834861	0.0006098769	-0.0561338189	0.007221903	-0.0829257422	-0.0929290467	-0.0175228929	-0.0117821074	-0.0695763091	0.062860637	0.2085832234	0.0262887097	-0.0375698685	-0.151466434	0.0062705727	0.0584030102	0.0122868746	0.0238526863	0.0253764608	0.0384351059	-0.1705888906	0.0288984039	-0.0272432413	-0.1229381944	-0.1159900955	-0.1073112989	0.0461103997	0.1097737476	0.0079543009	0.069330549	-0.0195762643	-0.1091425702	0.023803518	0.0547053999	-0.0532809676	0.0742746089	0.0520594029	0.072330707	0.0038647377	-0.0469940935	-0.0293557866	0.0552419493	0.0185904447	-0.1292034166	-0.0098850007	-0.0487990641	-0.0043588913	0.0782023877	0.1063076161	0.0539335212	-0.0444839866	-0.0700607903	-0.0371292221	0.0605844645	0.0487187994	-0.1677914315	0.0676743684	-0.0200130148	0.0868202611	0.0434211394	0.148528556	-0.0246650226	0.0870759575	0.0155378106	0.0091318449	-0.0022254703	0.0656768263	0.0722025737	0.0042759197	-0.1112625451	0.037184831	0.0797733483	-0.001096299	0.0800939083	0.0123278229	0.1049428907	0.0791662863	-0.1204015278	-0.0507550302	0.0274735136	0.1205941355	-6.73556e-05	0.0844995314	-0.1615809188	0.0103178112	0.1538948285	-0.0407571557	-0.1247581685	-0.0386429746	0.0235276146	-0.1106482655	-0.1153602882	-0.0002064187	-0.0742744946	0.0389375563	0.140662427	-0.0379467828	-0.012828274	-0.0569642839	-0.0607150913	0.038978688	0.0515569424	-0.0342917191	0.0294505212	0.0249018713	0.1202052332	-0.1055399466	-0.0463760484	-0.0668451689	0.0615348535	-0.0051843696	-0.0462607154	0.0988106745	0.020986587	0.0170048553	0.0166277678	-0.103318192	-0.0057054442	-0.1048118616	0.055659485	0.0363488021	0.0332425407	0.161970898	0.0466909657	0.0334968452	-0.041498681	0.0766838049	0.0738742248	0.0812103385	-0.018737101	-0.0118312352	0.0678622222	-0.0135725897	0.0589490327	-0.0421667568	-0.0758046615	-0.0761706258	0.0256182088	0.0458304888	0.0839090854	0.0658179239	0.0036468305	0.0971552295	-0.023719261	-0.0426792085	0.0187244628	0.0723706939	0.1257104966	0.0908616645	0.0243631711	-0.0910271406	-0.0675942939	0.0589248775	0.0163009	-0.0191571	0.00026571934081	0.00036699448041	-0.00115086	0.02100494	1.3244787396000005e-06	0.0004412075044036	0.254015	0.0020279999999999	4.112783999999896e-06	0.064523620225	-0.000567404	-4.950499999999993e-05	2.4507450249999927e-09	3.21947299216e-07	0.000838656	0.000481027	7.03343886336e-07	2.3138697472900006e-07	-0.000234247	-0.000425526	1.81072376676e-07	5.4871657009000006e-08	0.0
275.380566618648	-0.0792459129226017	0.0062799147149365	75834.45647120762	393.7169739957832	0.37975398413829	155013.05561239622	0.1442130884689046	288.87487807155355	0.1288601159516247	83448.69518085493	0.0166049294830661	299.57005592446575	242.56964413475177	1.066078	20.791019	0.049875685	0.0269333	-0.0181698384	0.0463785462	-0.068445635	-0.1022004943	0.0188684038	-0.0357578845	0.0160747937	-0.0127591548	-0.028414618	-0.0947820249	-0.0810272875	0.0548407323	-0.0325444822	-0.0163024443	-0.0105168741	-0.0301964917	0.0908256174	-0.0599173377	0.0129110071	0.1362135145	0.0001408223	-0.0008289961	0.0067623445	0.0057692493	-0.0777118207	-0.1641630567	-0.1812064479	-0.0436828218	0.0189349553	-0.0461154387	-0.1124929024	-0.0065626407	-0.0729368721	0.198118369	-0.0646562524	0.0139726784	-0.1102917862	-0.0093223048	-0.0614025549	0.0424924034	0.0312214425	-0.178837551	-0.0041767267	0.0565707396	-0.0150153309	0.0435449431	-0.0659284665	-0.0644005536	-0.0783492109	0.0575644941	0.0371701651	-0.0203841051	-0.0733978768	-0.1029844115	0.0488503166	0.0491817438	0.0051317798	0.0894629849	-0.0015074654	0.0978316852	-0.0275586227	0.1132689855	0.115821703	-0.111618265	-0.0289124577	0.0329921312	-0.1006007816	-0.0019674326	0.062360355	-0.1663192387	-0.0630352876	-0.145599616	-0.052005587	0.0787778236	-0.0876197266	0.1176077732	0.0393033649	0.0684540987	-0.014197124	-0.0029457499	0.0127560034	0.0151401863	-0.1288536807	0.027530994	0.0392110662	0.0347155126	-0.0612643785	-0.0743548043	0.1727840555	0.0979993402	-0.0921076733	0.0604037519	-0.0275462557	0.0233948652	-0.0891338543	-0.0686225123	-0.0133504112	-0.0267765669	0.0628521157	0.0777316402	-0.031552468	0.0769819899	0.0228862699	-0.0709599018	-0.0145046883	-0.1695943021	-0.0604319844	0.023292384	-0.0524945604	-0.0167842181	0.0546764252	-0.0191088327	-0.0191303187	0.0262224163	-0.0175569495	0.0108942687	0.1205742557	-0.1781146763	-0.0931119093	0.0455465542	-0.1487571262	0.0588301978	-0.0160356503	0.0427763832	0.113226133	0.0090885318	-0.0001136199	-0.0469919194	-0.1444200721	0.1561244061	0.0248250933	-0.1523253619	-0.0389617317	0.1418193968	0.0297320144	-0.1204667236	0.1094520247	-0.1111501375	-0.0700137721	0.0912183932	-0.0325815989	-0.0270470823	-0.0112640415	0.0239665706	-0.0176546258	-0.0548000424	0.0375254055	-0.0333377586	0.0749163927	0.0184519635	0.1059969176	-0.0537505816	0.0043914105	-0.0905290333	-0.13073948	-0.0333452759	-0.040730693	-0.0252971695	-0.0663641957	-0.0440019076	0.0319014569	-0.0403822861	0.0133495626	-0.0641413276	0.0623376651	-0.0204076774	-0.0041354885	-0.0182845478	-0.1027106928	0.0225105175	-0.0615657223	-0.1002348796	-0.0617790553	0.0051825995	0.0380916112	0.1497157566	0.038570776	0.0002145119	0.0587984173	0.0077796194	-0.0540915207	0.0082525573	0.0525778165	0.0645208708	0.1333928539	0.0227120151	-0.0925423476	-0.063684092	0.0643469367	0.018273	0.0019721	0.000333902529	3.889178410000004e-06	-0.0221817	-0.02103084	0.0004920278148899	0.0004422962311055	0.249129	-0.004886	2.3872996000000013e-05	0.0620652586409999	-0.000620774	-5.337000000000007e-05	2.848356900000007e-09	3.853603590760001e-07	0.000701244	-0.000137412	4.917431475359999e-07	1.8882057744000017e-08	1.47059e-05	0.0002489529	6.197754641841001e-08	2.1626349481e-10	0.0
275.2985384331636	-0.0820281854843756	0.0067286232138591	75789.28526343608	393.77900436282425	0.0620303670410748	155061.90427697715	0.0038477664352504	288.7483514385869	-0.1265266329666587	83375.61045850169	0.0160089888498795	299.55532811249697	245.3885781975287	1.033907	20.163612	0.082986891	0.0454145	-0.0037826862	0.0773409999	-0.060918788	-0.026284823	0.0363116153	0.0374433509	-0.0765198649	-0.1352698765	-0.0344580691	-0.0514765356	-0.0789830717	-0.0203660441	-0.0129608827	0.0376600819	0.0260185412	0.0018731748	0.0246726061	0.0006593317	-0.0437567525	0.1799461496	0.0383590834	0.0131974484	0.0266269683	-0.0715380329	-0.0471549842	-0.0554111882	-0.029044303	-0.1017673754	0.0126596427	0.0615080809	-0.105475755	-0.0465848362	0.0418736673	0.0949002549	0.1192223702	0.0508612219	-0.0434118006	-0.079787558	0.0019597027	-0.098916613	-0.0434792512	0.010192742	-0.0572543065	0.0115810548	-0.0605138358	-0.1051797105	0.0510196543	-0.0035805103	0.0789958409	0.1456501029	-0.0494903875	-0.0015936248	0.0569767365	-0.0032629495	0.1076470304	-0.0281636121	-0.0632327167	-0.0424330367	0.037845022	0.0914930805	0.0164623735	0.0627977935	-0.0015658928	0.1286333093	-0.0108763114	0.0307739538	-0.0552283709	0.1421686091	0.0883630828	-0.0873598006	-0.0014035518	0.087749253	-0.0073145525	0.1245200546	0.0473033994	-0.1069778298	-0.0038036783	-0.042635184	0.0290614954	0.0225001816	-0.0384656101	0.0366164297	-0.0855783433	0.0817016866	-0.0548405129	0.0119708299	0.1132832027	-0.0388530644	-0.0558721624	0.012524387	0.0240565952	0.0267719306	0.0159512584	0.0369990431	-0.1022535188	-0.0885240296	0.0861339453	-0.0274589388	0.0164888417	0.0094720085	-0.0756947139	0.0477054916	-0.033036173	0.1030453416	-0.0191694727	0.0568393328	-0.0009439718	-0.0053854566	0.1771612588	0.1148370021	0.0238767856	0.0787115622	0.0135125591	0.0373215296	-0.0529256465	-0.0497712841	-0.0095233571	-0.0499236234	0.0101900837	0.1025662124	0.0395840878	0.0381127427	-0.0116875312	-0.1048454183	-0.0199472409	-0.108244486	0.0052868069	0.0867809128	-0.0991278202	0.0339252979	0.0049892666	-0.0631091818	0.0158058745	-0.1455825115	0.01693584	-0.0820687328	-0.0029130404	-0.0007730916	0.0226395791	0.0735092229	0.0158995795	0.0704495446	-0.004090063	0.0856551484	-0.1391427244	-0.0793642171	0.105431228	0.054778058	0.0176136792	0.0423094798	0.0252932136	-0.0786784119	-0.0448025411	0.0372523095	-0.108853342	0.0585847639	0.0208896276	-0.0455442166	0.0430428683	-0.0171858077	-0.0358708217	-0.0394353808	0.0012202985	-0.0545109488	0.0545319111	-0.0811714855	0.0126121842	0.0975314686	0.0071193943	0.0777121895	-0.083202295	-0.105530036	-0.058335669	0.0225146206	0.0680090129	0.1101937246	0.0860462692	-0.045148273	0.0680348108	-0.0226214502	-0.0974857144	-0.0054825599	0.044025045	0.0642459204	0.0251502612	0.0210546499	-0.0939563609	-0.0596172234	0.0694876231	0.0260875	0.0078144999999999	0.00068055765625	6.106641024999997e-05	0.0147554	0.0369371	0.00021772182916	0.00136434935641	0.266633	0.017504	0.000306390016	0.071093156689	-0.000559164	6.161000000000003e-05	3.795792100000004e-09	3.12664378896e-07	0.000360308	-0.0003409359999999	1.29821854864e-07	1.1623735609599999e-07	2.62608e-06	-1.207982e-05	1.4592205123239996e-10	6.896296166400001e-12	0.0
275.2469510796048	-0.0515873535588298	0.0026612550472037	75760.88407861836	393.4774227862446	-0.3015815765796787	154824.48224250507	0.0909514473322846	288.5254852938094	-0.2228661447774698	83246.95566402824	0.0496693184879721	299.40689948463955	242.5244779669705	1.046268	20.404678	0.066782054	0.0350836	0.028265868	0.0451062926	-0.0841697579	-0.066736065	0.0638950202	0.0044939719	0.0214475866	0.1326889139	-0.0095532064	0.0179724661	-0.0450251568	-0.0429194105	-0.0989039255	-0.0785674212	0.0666631716	0.0054102426	0.1306223521	0.0181602545	-0.0080050834	0.0602857594	-0.0156452957	-0.0707906452	0.0722527195	-0.0786346908	-0.060536441	-0.0681786715	-0.0256756849	0.0995846784	0.0117768457	0.0486685676	-0.0077078217	0.066055921	0.0388067394	-0.0073444868	-0.0079090384	0.0221318078	-0.1106711051	-0.0735175519	-0.0833186326	0.0842764681	-0.0351700129	-0.0790943958	-0.0429917523	-0.0345044555	0.0360913498	0.0250465423	-0.0775805565	0.0029842181	0.0882526898	0.0405708134	0.0642815426	0.0615397499	-0.0930172601	-0.0363262526	0.0099968236	-0.0790598458	-0.0480894345	-0.0140240873	0.0989696421	-0.0311347986	0.0316696044	-0.0281938391	0.0366860372	-0.0803729218	-0.0853183479	-0.0885306738	-0.0176917617	0.0325317043	-0.0105834906	0.0385191054	-0.0877595073	-0.0654984683	0.0601180743	-0.0465050501	0.062058583	-0.0356469415	0.0006085319	0.1070098321	-0.0173629111	-0.0611097783	0.0065416757	0.018531061	-0.0799673848	0.0548874558	0.0560879932	0.0169774356	0.049759851	0.0656792311	0.046870534	0.008596478	0.011709311	0.037977767	-0.05118319	0.0066849729	0.0035442506	-0.105845855	0.0396998582	0.0327521229	0.0845248248	0.0254897155	0.0526696443	0.0216262902	0.1280484257	0.0524084756	-0.0880225714	-0.0698608442	-0.0092698021	0.0039727645	-0.0269723841	-0.0376892018	-0.034986358	-0.1118423361	0.1098867323	0.0949004412	0.0134977943	-0.1544518036	0.0201709199	-0.0053130386	-0.0350981018	0.0171031147	-0.0753328853	-0.0018088911	-0.0427528496	-0.064277296	0.0358982268	-0.087058821	-0.056186407	-0.0399225057	-0.0031253725	0.0027396142	-0.0615928747	-0.0151018025	-0.022467431	-0.041685262	-0.0022434018	0.0894903577	0.0262770084	0.0747615533	0.0206674193	0.021702108	-0.0545352171	0.035992961	0.1120872921	-0.0166831629	-0.0302924019	-0.0779015132	-0.0017558095	0.0479218721	0.0301467267	-0.0089882225	0.0747576745	-0.0032376074	-0.0214941359	-0.1361878656	-0.0550488527	0.1921895609	-0.0766159271	-0.0005194238	0.0316917776	0.0285949532	0.0465033709	0.006526117	0.0493066026	0.0730034139	0.0594181858	-0.0559292072	-0.0051364226	0.0488513361	-0.0921552169	0.0180793628	-0.0784603028	-0.1400615254	-0.0302096065	-0.024206624	-0.0020413655	0.1625458452	0.019463462	-0.0588755952	0.0556222637	0.0456567769	-0.0492814962	-0.0111873282	-0.0180543835	0.0415321134	0.1954994272	0.0193915285	-0.0952676342	-0.0554036926	0.0743244578	0.0335539	0.0074663999999999	0.00112586420521	5.574712895999997e-05	0.0220094	0.0072539999999999	0.0004844136883599	5.262051599999997e-05	0.292717	0.0260839999999999	0.0006803750559999	0.085683242089	-0.000837983	-0.000278819	7.774003476100002e-08	7.022155082890001e-07	0.000364168	3.860000000000007e-06	1.32618332224e-07	1.4899600000000055e-11	-0.000234248	-0.00023687408	5.61093297758464e-08	5.4872125504e-08	0.0
275.50505760649094	0.258106526886138	0.0666189792212246	75903.03676675589	392.9449434651461	-0.5324793210984922	154405.72859482685	0.2835342273975111	288.23886506033347	-0.2866202334759578	83081.64333126912	0.0821511582378125	299.1046753697919	242.1781821072664	1.163458	22.690166	0.10376865	0.0640086	0.0146254819	0.0142145151	-0.0124127589	-0.1099354918	-0.0338494366	-0.0428329629	-0.0206163232	-0.0526901829	-0.0648872364	0.0168150172	-0.1364989397	0.0384068443	-0.0054346136	0.0928726212	-0.0118838752	-0.0512372562	-0.0577682764	0.0111543649	0.0007309497	-0.0186890864	0.0390312602	0.0602541726	-0.0396739466	-0.0665347305	-0.1123914463	-0.1043567145	0.0355804414	0.1394780361	0.0469722242	-0.123422748	-0.0723126983	-0.1554875105	0.0635037066	-0.0760317289	-0.0124295215	-0.0152630394	-0.0092453372	-0.1990344109	0.0213758852	-0.1081964117	-0.0190553007	-0.0695379573	-0.0165542202	0.0757157	-0.0894171691	0.0190037911	0.0693818325	-0.0083213988	-0.104876515	0.1250383893	-0.0343395411	0.0132067261	0.1123226072	-0.0433154532	-0.1319940782	-0.0648837129	0.0393916438	0.1412574889	0.036240811	-0.0712611584	-0.130775835	-0.0789064663	-0.05837982	0.0813276424	0.031787037	-0.0050470015	-0.0261352459	-0.0734242543	0.0145085057	0.0583195176	0.0170393337	-0.1221953267	-0.0948751876	0.0193264485	0.0089789796	0.0412432129	0.0878404855	0.0371584787	-0.0170976389	0.0909336598	-0.0235061869	0.0124370126	-0.051340763	0.0635343265	0.015062648	0.1036795049	0.182080964	0.0184423467	0.2182080698	-0.0403511328	-0.0530473215	-0.0014336189	-0.0281064812	0.0248113029	0.0462513722	-0.0259912289	-0.0680804227	0.0421481449	0.0556611	0.0249435779	-0.2263840159	0.0162019537	-0.0600331311	-0.0094398099	-0.0296132084	-0.059086029	0.0672598234	0.0136762808	0.0504096102	0.0875325652	0.0991127953	0.0302153589	0.0026335777	0.0590458709	-0.0386924169	0.0632993393	0.1988685981	0.1097865825	0.0118920416	-0.0025721333	-0.0788422657	0.0664068894	0.0754564336	0.1428797708	-0.087334745	0.0174163507	-0.0284013327	0.0378443602	0.1016867572	0.1033148644	0.1346445106	0.1123966618	0.0565820411	-0.0417349584	-0.0284354076	0.0290081666	0.0044493719	-0.0316761259	0.0523882877	-0.0818577067	-0.089371085	-0.0216322143	0.0939091021	-0.0028159051	0.0251967618	-0.1199413825	0.0961337509	-0.0254467536	-0.0572333384	-0.0147873685	0.1697790207	-0.038793396	-0.0964543711	-0.0208323942	0.0515282718	-0.1093738589	0.0787732835	-0.0088675568	-0.1053442772	0.0713901996	-0.0225959798	-0.0228698567	0.0042196626	-0.0666889464	-0.0219417511	-0.0264220831	-0.0375910922	0.0180329652	-0.06503096	0.0039686923	0.0301988758	-0.2022995509	-0.160538255	0.1836370154	0.0917474022	-0.037348961	0.0364091183	0.3340306369	-0.1130413585	-0.3184386004	0.1088203128	-0.0656667217	-0.0737393586	-0.0459531968	-0.2456466902	0.0177231056	-0.0964747338	-0.0510538654	0.0788362905	0.0328992	-0.0006546999999999	0.00108235736064	4.286320899999924e-07	-0.035605	-0.0576143999999999	0.0012677160249999	0.0033194190873599	0.282155	-0.010562	0.000111555844	0.0796114440249999	-0.0008274759999999	1.0507000000100058e-05	1.103970490021026e-10	6.847165305758345e-07	0.000645323	0.0002811549999999	4.1644177432900006e-07	7.904813402499998e-08	0.000172841	0.000407089	1.6572145392100005e-07	2.9874011281e-08	0.0
275.96238958757306	0.4573319810821203	0.2091525409204969	76155.24046688345	393.8249342925448	0.8799908273987285	155098.07887052724	0.7743838563058987	289.0925586985865	0.8536936382530484	83574.50749489569	0.7287928279937268	299.69984762736846	246.92664311732176	1.251074	24.398886	0.14813605	0.0960891	-0.0534318348	-0.0181428818	0.0230173468	0.0543781142	-0.0808541731	-0.0392589976	-0.1246559166	0.0029076277	0.0423211227	-0.0080364634	0.0217178593	-0.0338422818	-0.0444752663	0.0927620502	0.0916618977	0.1130922996	-0.0704084426	0.03801613	0.0175238864	0.0623038658	0.0403069642	-0.0808644743	-0.0087539447	-0.0264558717	-0.0335115014	-0.0355155853	0.097843432	0.0422344281	0.0316951113	0.1384591338	0.0363244641	-0.0603338511	-0.0119349075	-0.0109395931	-0.0007215541	0.0767526337	0.0415978437	0.0154986055	-0.0207083115	0.0080974535	0.0279439374	0.0844137293	-0.1375869272	0.0832283292	-0.0347990578	0.0280740421	-0.1104509866	-0.0645827773	0.0723764462	-0.0727223778	-0.0876780925	0.0294293477	0.1195543288	0.0065887743	-0.1626525404	-0.0896166092	0.0882381302	0.004342786	0.0238208078	-0.0390869868	-0.0638485106	0.1020548076	-0.0771841997	0.0379352145	-0.0004493606	0.0611014922	0.0235957486	0.0341756989	0.1093707149	0.0882863892	-0.0306208708	-0.106957287	0.0717309004	-0.0387628605	-0.003201737	-0.0255046932	-0.13155068	0.0046713818	0.0370846028	-0.0072977777	0.014357254	0.0043034243	-0.0341959396	0.0534368877	-0.0314106739	0.0071645018	0.0473633623	-0.1122855005	0.0463206359	-0.0647165056	0.1385568032	-0.0902620211	0.0862453353	0.0039583515	-0.0545323799	0.0653679946	-0.0193397248	-0.037601519	-0.067238034	-0.0624101889	-0.055200559	-0.0473792869	0.0334433732	0.1229646792	0.0985724663	0.0526553559	-0.0760670857	-0.1816709601	-0.0130169989	-0.0362301221	0.0442422038	-0.1357782148	0.0751561369	0.0140224791	0.089534995	-0.041342833	0.0756371655	0.0794590094	-0.0147025352	-0.01030963	0.0662478081	0.0431054913	-0.173502866	0.1092524588	-0.0987574958	0.1323512376	-0.0420415644	0.085404465	0.1289495622	0.0569837466	0.0635829053	0.0620618453	0.0402593784	-0.0520460273	-0.0146900029	0.0294839093	0.0327223528	-0.042280338	-0.1619151189	0.0504980454	-0.0443419097	0.0630960574	0.0538881663	0.0230433176	0.0309279474	0.0311209096	0.0759440149	-0.0031059048	0.0545867114	0.1091386628	-0.0185833337	-0.0191941955	0.0054890503	0.1462746118	-0.0133923224	-0.0070601062	-0.0020369869	-0.0594265347	0.013983886	-0.1179265754	0.1731796291	-0.0446769017	0.0420560667	0.0749645652	-0.1027357195	-0.0657808049	0.10346745	0.0369596978	0.0914051837	-0.0568360135	-0.161778437	-0.1343795623	-0.001571485	-0.0537515001	0.0106031282	-0.3232616556	-0.0644195306	0.3976922342	0.0317288748	-0.2971640112	0.1617729433	0.205704416	-0.0017113234	-0.0438687092	0.0582308183	0.0160498375	-0.0975763397	-0.0465784425	0.0830033923	0.045184	0.0122847999999999	0.002041593856	0.0001509163110399	0.051306	0.0869109999999999	0.0026323056359999	0.0075535219209999	0.259565	-0.02259	0.0005103080999999	0.067373989225	-0.000415559	0.0004119169999998	1.6967561488891758e-07	1.7268928248100006e-07	0.000708067	6.27440000000001e-05	5.01358876489e-07	3.936809536000013e-09	0.000225185	5.234400000000001e-05	2.739894336000001e-09	5.0708284225e-08	0.0
276.319078443347	0.3566888557739389	0.1272269398333218	76352.23311178054	394.0094860753709	0.1845517828260767	155243.47511737788	0.0340593605442834	289.4497575325068	0.3571988339202789	83781.16213562698	0.127591006954007	299.9978488542748	250.7768740827777	1.252663	24.429867	0.09816692	0.0608602	-0.0859881185	0.0852511919	-0.0034648371	0.1098908582	0.0435105204	-0.0882600241	0.0567953909	0.0856072433	-0.0367925486	-0.106618049	0.0775845518	-0.0709415873	-0.006185573	0.0244926394	-0.0110405331	0.033516745	0.1100301798	-0.0096958397	0.0882018758	-0.1034241329	-0.0514308008	0.0773344687	0.0731195596	0.0792701746	-0.0098663634	-0.1185626783	-0.0535913651	0.1356801324	-0.0662983084	-0.0631557517	-0.0840971448	0.0800964952	-0.0098332274	-0.0804327253	-0.0728296475	0.0824416277	-0.0400360999	0.1124754446	-0.0698026262	-0.0127488035	0.0362794855	0.0030580159	0.0322441471	-0.174673698	-0.0839486928	0.1256920881	0.0520947061	-0.0391506454	0.013954828	0.0549907652	0.0475247405	0.1118610107	0.0343978115	-0.0861697367	-0.2316652029	0.0292207548	0.0045859791	0.0188615784	-0.1344327647	0.0116055147	0.0860115848	0.0180147424	-0.1054445902	-0.0075293147	0.0045935228	-0.0177582237	0.0392643585	-0.0384749089	-0.0927708409	-0.0238180786	0.0285440095	-0.0844571483	-0.0718665407	-0.0530375122	0.0968858956	-0.0115054477	-0.0425311123	-0.0611683175	0.0280238125	-0.0296381607	-0.0418100157	-0.0460147099	-0.0213624123	-0.136610728	0.0947697486	-0.0438605014	0.0061598347	0.0911982633	0.0693701502	0.0501556861	-0.1862975863	-0.0152827768	0.0736369108	-0.061049057	0.0767779456	-0.0658533628	-0.0438369735	-0.0913282539	0.0349624863	-0.0391058288	0.0793822272	-0.0071469417	0.0141306396	0.0620076244	0.040706915	-0.1145239612	0.0003847338	0.0217158883	0.0030650817	-0.1040712314	-0.1184469309	-0.042116752	-0.055403657	-0.0101024198	0.0168047783	0.1242730445	0.1436372431	0.0612041172	0.2111615561	0.0854652453	0.0124934289	-0.0881287112	-0.0977138289	0.0884538013	0.045020031	-0.07878039	-0.0168389246	0.0281680206	0.1266705671	0.0308106415	0.0518557461	-0.0239290671	-0.0261349646	0.1874604593	0.0122747062	0.0360008221	0.0438204929	0.021608542	-0.0857343057	-0.0548237001	-0.0146996449	0.0980962668	0.1198706202	-0.0362701773	0.0879199211	-0.085026437	-0.1257578294	-0.0125079419	-0.0304355265	-0.034515583	0.0779338316	0.1115592102	-0.0817466608	-0.1132599377	-0.0762995462	-0.1146265662	0.0102773477	0.0863607443	-0.117272311	0.004025095	-0.0941347629	-0.0529179636	0.052062465	0.0180097186	-0.0063397273	-0.0736500952	0.103791309	-0.1136920406	0.0624625129	-0.1952003206	-0.062623493	-0.0376583574	0.0217616049	-0.0833402436	-0.0891175403	-0.1533918359	-0.0688853756	0.2565790168	0.1545432094	0.0038671057	-0.0347881922	0.1437292069	0.0004558348	0.04934266	0.1754415879	0.0143721814	-0.0985712473	-0.0419884337	0.0868075413	0.0454724	0.0002884	0.00206773916176	8.317456000000068e-08	-0.00396372	-0.0552697199999999	1.5711076238399995e-05	0.0030547419488783	0.241577	-0.017988	0.000323568144	0.0583594469289999	-0.000552747	-0.000137188	1.8820547344e-08	3.05529246009e-07	0.000409914	-0.000298153	1.68029487396e-07	8.889521140900005e-08	0.00016811	-5.707500000000002e-05	3.257555625000002e-09	2.82609721e-08	0.0
276.1405060250514	-0.1785724182955732	0.0318881085759291	76253.57906777145	394.8031502685576	0.7936641931867143	155869.52746197727	0.6299028515467182	288.9743566735705	-0.4754008589362684	83506.17881490395	0.2260059766773417	300.02037528128074	255.3973779758157	1.255541	24.486004	0.0400571199999999	0.0219901	-0.1258168071	0.117131384	-0.0249807004	0.0849316609	0.1739915569	0.1319337546	-0.1058930897	0.0511557537	-0.0341191109	-0.202863108	0.1116888308	0.0355803039	0.0118959339	0.1181521026	0.0669186818	-0.0326230029	-0.0179427902	0.0146016098	-0.0778111313	0.0771577609	0.0254599142	0.0117208249	-0.1825997246	0.0772751103	0.1676971357	0.031901786	-0.0380121071	-0.1481357544	-0.011573476	-0.0070891336	-0.1290925825	0.0633256066	-0.0353555839	0.0487824135	0.0301946489	0.046902297	-0.0080834867	-0.0638307585	-0.0276276517	-0.1261392438	0.1180385286	0.0437260904	0.0378345831	-0.1532449285	0.0137435836	0.0647132522	0.100467701	-0.0101670905	-0.0483838476	-0.1267131764	-0.0128501533	0.0820218522	0.0123942186	-0.0480401738	0.0847932618	-0.0048017912	0.0060624222	0.0388880859	-0.041250677	0.0467150373	0.0350810702	-0.0557786738	0.0175090226	-0.0158537101	0.0211042735	-0.0814873119	-0.0297166166	0.0415427644	-0.0096217788	-0.0529919859	0.0484828285	-0.0841185687	-0.0107274069	-0.0205436823	0.0584644578	0.114847175	0.0130818107	0.0202908189	0.120595257	0.045511499	-0.1400648986	0.0440361075	0.0201663866	0.0554531925	-0.0480330836	0.0502941436	0.036213804	0.0431267482	0.0471017595	-0.0691648102	-0.1105870397	0.0182701425	0.1327815389	-0.0429137346	0.0660999014	-0.0102881019	-0.0018746424	-0.0919284153	0.0536958098	-0.0288163857	-0.0172017274	0.1042515849	-0.1444217488	-0.0042949553	-0.0652862921	0.0218558806	-0.1389173599	0.0731033109	-0.0194904283	-0.0186339527	-0.0441580408	-0.0246599787	-0.0453514249	-0.1107280943	-0.0261822568	0.0794115268	0.0432194849	0.1249562804	0.0122039952	-0.1214276304	-0.0845070801	0.0008363741	0.1140247716	0.0282109768	0.0376017981	-0.0325552444	0.1071073978	-0.0049242946	-0.0039566753	-0.0458393967	0.0917424178	-0.0220899057	0.0621810681	-0.063473788	-0.0909489395	-0.0439301596	0.0679340614	-0.0734829574	0.054206209	0.0658833704	0.0284404973	-0.0841732054	0.0285315782	0.085530986	-0.035583206	-0.0413635564	-0.1238479072	-0.0366671012	0.0791763901	0.101476935	0.0231324547	-0.0131839087	0.0163730891	-0.0858650971	0.1215796484	0.0044303024	-0.0004478028	0.0907687826	0.0518291473	-0.0697098645	-0.073190878	-0.0475764777	-0.0041632353	-0.0938376505	0.0407629622	-0.1650596432	0.0027495989	0.0262497891	0.0863134131	-0.0065661556	-0.0668460161	0.016793228	-0.0296610291	-0.0238711064	-0.1053951088	0.0310829824	-0.1319016043	0.1083197417	0.0607415595	0.0334130458	-0.2600458391	-0.0034171507	-0.0074435537	-0.1090927258	-0.1463730389	0.0126905962	-0.0994583687	-0.0372951309	0.090232103	0.0481997	0.0027272999999999	0.0023232110800899	7.438165289999972e-06	0.0141746	0.01813832	0.00020091928516	0.0003289986524223	0.2324	-0.0091769999999999	8.421732899999983e-05	0.05400976	-0.000530063	2.268400000000003e-05	5.145638560000012e-10	2.80966783969e-07	0.000290393	-0.0001195209999999	8.432809444900001e-08	1.4285269440999996e-08	0.000226195	5.808500000000001e-05	3.3738672250000004e-09	5.1164178025e-08	0.0
275.5584037432016	-0.5821022818498136	0.3388430665347598	75932.4338735013	393.3471631757782	-1.4559870927794236	154721.99077843226	2.1198984143402777	288.5100861580788	-0.4642705154917053	83238.06981494206	0.2155471115549337	299.42468660242344	253.2193796006156	1.178216	22.977974	0.0807545	0.0561771	-0.1048574165	-0.0012429768	-0.0882430326	0.0774045724	0.2450114026	0.0158261261	0.0331280603	-0.0111387267	0.0097676025	-0.1547995702	-0.0119558041	0.05558883	0.112520268	-0.2403687364	-0.0578682787	-0.0357039455	0.0332493672	0.1064606058	-0.2199921817	0.0717396701	-0.00132455	0.06233327	-0.1027353372	0.1103781818	0.0261390365	0.2015315088	0.0862154935	0.0071627745	0.0328274742	-0.0222501881	0.0197036651	-0.0727585877	0.0833974057	0.0050527363	0.0389195832	-0.0772978201	-0.1029879054	0.0336668556	0.030311919	-0.0984180345	0.0222276665	-0.0129998618	-0.0316912632	-0.0531183238	-0.2075960747	0.0582956339	0.0661821777	-0.0464317683	0.0727963416	-0.0217015349	0.0318298112	0.0810643448	-0.0261479898	0.075016508	-0.0596431926	-0.0496109856	-0.084125355	0.0080479376	-0.0003814402	0.0021445851	-0.0256688235	-0.0280083758	0.0893418517	0.0210944763	-0.113868414	-0.0216902265	0.0272959469	-0.065464917	-0.0661076446	-0.0076718907	0.0675151355	0.205268027	0.0016782944	0.0551452513	-0.0295521114	0.0277182878	-0.022508645	0.0038901919	-0.0414627314	-0.0278563507	-0.0416481416	-0.0755113318	0.0132577445	-0.1559575425	-0.0160196898	0.1195728825	-0.1104969215	0.0905153668	0.0450503805	-0.1973430808	0.0797055033	-0.0271745923	-0.0893182674	0.0535638718	-0.0181119828	-0.1919305635	-0.0727625318	-0.0430369867	0.0760112441	0.1218065085	0.1074513715	-0.0379042974	-0.0190732305	0.0193796921	0.0151817585	0.0142832614	-0.0914232271	0.0813012646	0.1916234306	-0.0046081177	-0.0780554512	-0.0259121043	-0.025448976	-0.0268044355	-0.041441302	-0.0523128635	0.0631021083	-0.0669216346	0.0792545155	-0.0232697794	-0.0582928735	0.0086772306	-0.121866869	-0.035708987	0.1102571551	0.0756711059	0.028574941	-0.110308952	0.0900217664	-0.2001315109	-0.0968596057	0.0696243817	0.0599816849	-0.0022513818	0.0533118691	-0.0610613642	-0.0052638143	0.1518639183	0.0834591605	-0.0521504665	-0.0592178526	0.0178837012	0.0465658958	0.0321142779	-0.0380963791	0.1812015117	-0.0465667356	0.0380847525	0.1823273393	-0.0671287273	0.0498551572	-0.0156876975	-0.0313890459	0.022070592	0.0390321785	-0.0409899447	0.1003947646	-0.0637687949	-0.0470157428	0.0290227264	0.0241108263	-0.0131577877	0.0963327645	0.0978700592	-3.29962e-05	-0.0970651409	-0.0470442285	0.0296618974	-0.1086103007	-0.0225532449	-0.0120137319	0.0571765036	-0.013770301	-0.0131930908	-0.1046846503	0.0291324069	-0.1546362947	0.0648289754	0.0325314689	0.0678555085	-0.0712057172	0.0100511921	0.1219127995	-0.09120046	0.0139700706	0.0110055415	-0.1002367339	-0.0325100797	0.0932621027	0.0493292	0.0011294999999999	0.0024333699726399	1.2757702499999968e-06	0.0083528	-0.0058218	6.976926784e-05	3.389335524e-05	0.28338	0.05098	0.0025989604	0.0803042244	-0.000792499	-0.000262436	6.8872654096e-08	6.28054665001e-07	0.000426336	0.0001359429999999	1.8176238489600003e-07	1.848049924899999e-08	0.00016811	-5.808500000000001e-05	3.3738672250000004e-09	2.82609721e-08	0.0
275.058565204026	-0.4998385391755846	0.2498385652451824	75657.21429209743	393.4372757009364	0.090112525158247	154792.88991097466	0.0081202671903957	288.51653101584697	0.0064448577681446	83241.78866941818	4.153619165161418e-05	299.4490433833358	243.83500332415773	1.360653	26.535938	0.0512681499999999	0.0254961	-0.0063097437	0.0017396701	0.0003256031	-0.0633723048	0.0253690471	0.0517445418	0.0318169528	-0.1649599226	-0.0374920315	-0.0260644144	-0.0895452329	0.0460240144	0.088992837	-0.0714817404	0.0084246552	-0.0317074352	-0.0156099583	0.1594845622	0.1429807066	-0.0814944396	-0.0623613575	-0.0789366622	-0.1352781136	0.0056139285	-0.1908713955	0.0092136986	-0.1394697826	-0.0668320884	0.0784673764	-0.0038131834	-0.0416110113	-0.0196006294	-0.017352396	-0.1470828927	-0.0209133906	-0.0798667686	0.0600734617	-0.0430362202	0.0183675758	-0.0067659535	0.1446029701	0.0620272831	0.0618425878	-0.103420361	0.0033094002	0.0512421001	-0.0478236088	0.0324522127	-0.1241082427	0.0311991059	0.0002656413	0.0359120162	0.1571273189	-0.0111264469	0.0170819421	-0.068700482	0.1269000792	0.0449156992	0.0231006575	-0.1570168023	-0.1037409363	0.0759955331	-0.0073125263	-0.0072760159	0.1344686531	0.01973736	0.016404359	0.0307482927	0.0027001203	-0.0672555456	0.0461447032	0.1107926312	0.0202946737	0.0670707054	-0.1098391415	0.0102832668	0.1154526285	-0.0996266705	0.0614771604	-0.0571926243	0.0275869359	-0.1295143975	-0.0032786747	0.0423906074	0.0321160889	-0.0292041526	-0.0488128265	0.0479204403	-0.0973059492	0.0786669713	0.0355839533	0.1044831435	-0.0623136717	-0.0149602197	-0.0650049294	0.03133361	0.0134128826	-0.0142267386	0.0413771311	0.07042859	-0.0602068678	-0.0226999781	-0.0776345111	-0.1899644874	-0.0617905003	0.0374474986	-0.0265765251	0.0346180137	0.052429258	-0.2307664913	0.0011546255	0.0004453611	-0.0293775221	0.0481435514	0.028549408	0.1281783105	-0.0285981627	0.1263299993	0.0209429654	-0.0149081897	0.193281547	0.03271636	0.0455281879	0.015702158	-0.0668096107	0.0115968395	-0.0666783944	0.031569113	-0.0230165426	-0.0026394312	0.0366949789	0.0596462094	-0.0137492288	-0.1060998276	0.0408268567	-0.058005183	0.0057220996	-0.077751235	0.0630110252	0.0003488983	0.0136847712	0.0033716486	-0.0406085736	-0.1676481479	0.0148510339	-0.0971580171	-0.0650250391	0.0612847478	0.0634413104	-0.156700767	-0.1271855949	0.0269882598	0.0559609645	-0.0930790395	-0.0280704051	-0.0205959199	0.0266887896	-0.0242757734	0.1300346669	-0.0395438361	0.0137899344	-0.0040787667	-0.0169112616	-0.0944359999	-0.0602491927	-0.0939393077	-0.0410675628	0.0295693473	-0.1385039608	-0.0650595646	0.117733139	0.0324921862	-0.0185862744	0.0812590856	0.0346116629	-0.0265297102	0.0137690255	0.0082527391	-0.1310158243	0.0427236315	-0.1331449421	-0.0726342907	0.0602696493	-0.0951311783	-0.0655683412	0.009317478	-0.1009054916	-0.0276450517	0.0958842909	0.0487266	-0.0006025999999999	0.00237428154756	3.631267599999938e-07	-0.0125784	-0.0209312	0.00015821614656	0.00043811513344	0.293299	0.0099189999999999	9.838656099999912e-05	0.0860243034009999	-0.000514507	0.000277992	7.727955206400001e-08	2.64717453049e-07	0.000396721	-2.961499999999998e-05	1.57387551841e-07	8.770482249999987e-10	7.941e-05	-8.869999999999999e-05	7.867689999999999e-09	6.3059481e-09	0.0
275.20320554333136	0.1446403393053401	0.0209208277543639	75736.80434132509	393.1321162493966	-0.3051594515398506	154552.86082672907	0.0931222908641024	288.42839573389614	-0.0881352819508265	83190.939465629	0.0077678279245516	299.40787349439694	239.50567252148727	1.114794	21.741095	0.113169345	0.0599659	0.0272020338	-0.0310859397	0.0857284443	-0.1293698891	-0.1198119036	0.1225150571	-0.0584599877	0.0092357538	0.0205377335	0.1317187572	-0.1302351548	0.0425201799	-0.0079169387	0.0455924562	0.0263953275	-0.0939065875	-0.0162340641	-0.0033987572	0.083759961	-0.1185718827	0.0535902166	-0.0484991538	-0.0568945698	0.0041801767	0.0309053094	-0.0639955043	0.0722585857	-0.1101765743	0.0173076387	-0.033775664	0.0882940205	-0.0258994148	-0.0484992065	-0.0430503144	-0.0007407443	-0.0939095863	0.0506248795	-0.078146741	0.0893776799	-0.1435538128	0.0150548721	0.167768394	-0.103304013	-0.0413906754	-0.0539427731	-0.0763546602	0.0220790515	-0.138766959	0.0231623131	-0.0320468975	0.0637644289	-0.0888686225	-0.0855486296	-0.0317839482	0.0657518572	-0.0093915569	0.1567189447	0.0363435347	0.0031474905	-0.0571380721	0.0049182534	-0.0011106978	-0.00743057	0.0174909626	0.0363332173	0.0450208121	0.0341462689	0.0067201913	0.0153082343	-0.0067922272	-0.0904176488	0.006685183	-0.1211451528	0.024170735	-0.004187979	-0.0889690101	0.0393679513	0.072567014	-0.1775762636	0.061569627	0.0170258359	0.0321130428	-0.0482247792	-0.0023131087	0.009767554	0.0571246207	-0.1140956321	0.097896191	-0.0998376686	-0.036941082	-0.0405278493	0.0264208754	0.0521447059	0.0478822464	-0.0073164828	0.0847716563	-0.0712138397	0.0446811273	-0.0505265209	0.0318676638	-0.1043309433	-0.0614108721	-0.0270486305	-0.0095986926	-0.0564713158	0.2271409731	-0.1079680607	-0.0120023035	0.1006710407	-0.0887851464	0.0822087217	0.0023395651	-0.0615019772	0.1013427728	-0.1308079292	0.0192765107	-0.0042159291	0.0469893708	-0.0477884342	-0.0383946754	-0.0005991027	0.0668714798	0.1207829445	-0.0782120524	0.0527490497	0.0109974951	0.0838787354	0.004167196	0.008335439	-0.0533789822	0.0384995189	-0.0900097596	-0.0113528922	-0.0176862234	-0.0660995259	0.0586975689	0.0841034281	0.1077572703	-0.0452627043	-0.047124834	-0.0001002392	0.1141024635	0.0742324233	-0.0399814216	0.0058508099	-0.0199895072	0.0656364492	0.1003853557	-0.1447106556	-0.0801218192	-0.0710896179	0.0077046063	0.0983399608	0.1200250871	-0.0427449421	-0.0052900517	-0.1201073799	0.0412534693	-0.0413216839	0.0451512707	-0.058179556	0.0257206603	0.0030250244	0.0420289717	-0.1107515351	-0.0894078116	-0.0076381707	0.101086203	-0.0179395019	0.0443969787	0.1331696867	0.0263671268	-0.0298351287	0.0825982609	0.0643438197	-0.0616927032	-0.0893008221	-0.088459207	-0.0573726672	0.0371163109	-0.0553570519	0.0961969202	-0.0365411916	0.0227304963	0.0616837673	0.0076268671	-0.1014639107	-0.0227120151	0.0980872016	0.0494939	0.0007672999999999	0.00244964613721	5.887492899999977e-07	0.0211229	0.0337013	0.00044617690441	0.00113577762169	0.326117	0.032818	0.001077021124	0.106352297689	-0.00115406	-0.000639553	4.0902803980899993e-07	1.3318544836e-06	0.000182279	-0.000214442	3.3225633841e-08	4.5985371364e-08	1.57501e-05	-6.36599e-05	4.05258286801e-09	2.4806565001e-10	0.0
275.49545996696816	0.2922544236367912	0.085412648135273	75897.74846241136	392.3444429166083	-0.7876733327883016	153934.16188754368	0.6204292791858306	289.00548829974394	0.5770925658478063	83524.17226737343	0.3330358295568046	299.4991623954816	242.61155715549023	1.043404	20.348839	0.0859312149999999	0.0452096	-0.0121583074	-0.0592953044	0.130109551	-0.0586512396	-0.0865464656	0.0686621942	0.0326737054	-0.0007371475	0.0254293512	0.1078096358	-0.0749859891	0.0452618201	-0.1156895173	0.1322868009	-0.1178253694	-0.0969379333	-0.1292317333	0.0019459619	0.010351223	-0.0234769284	-0.0151246977	-0.0518971367	-0.1715081421	0.1216166791	0.061992344	-0.0827747936	0.0295702675	0.0413785038	0.1772470018	0.0041016164	0.008557443	-0.0207674713	0.057415416	-0.0154433811	-0.0556440085	0.0024752698	0.0521816363	0.0182503165	0.0094649736	0.0602649333	0.0918063011	0.1784093681	-0.0496154558	-0.0589291022	0.0411640057	-0.0803467505	-0.1229928255	0.0016274879	-0.1639801903	0.0552041672	-0.0922145881	-0.0502416998	-0.0253444556	-0.0645470916	0.0848123082	-0.0243026482	-0.0267720185	-0.0070490332	0.0095049796	0.052447843	0.0091093412	0.0422130521	0.0886901636	0.161860148	0.1000175145	-0.05660433	0.0199552101	0.0087783959	-0.0645213362	-0.0122047112	-0.1371820201	-0.0930899114	0.0076195026	-0.0421022433	-0.0646373682	0.0567479738	-0.0122895048	0.0238839317	-0.0208351644	0.009467727	0.0459347815	-0.0508096981	0.0882994667	0.008267874	-0.0405425204	0.0837723048	-0.047671355	0.0308540286	0.1496157729	-0.097793024	-0.1379512362	-0.0731487571	-0.0563202778	-0.0343740493	-0.0151668479	-0.0220453195	-0.0124647649	0.0429392644	-0.0984295867	0.019763819	-0.0785729541	0.0351589275	0.0854286903	-0.0512972202	0.0030806151	0.095994537	-0.0606910512	-0.1418543673	-0.0945718178	-0.1386989261	0.0778424891	0.1373620096	-0.0673983081	0.063617573	0.0240286975	-0.0280606846	-0.0039442136	-0.0236288247	-0.0501111617	0.0721995468	0.0857529653	-0.0111266506	0.0035806399	0.0135362969	-0.0229888225	-0.043187448	-0.0691013105	-0.0438587338	0.0100472924	-0.0044534468	0.0585196852	-0.0412214832	0.1571130615	-0.0446003183	-0.116675961	-0.0295038783	-0.0057206634	0.0443197296	-0.0231703443	-0.0426567849	0.0718739473	-0.1188808847	-0.0450336923	0.0049093372	-0.0534730411	-0.044844053	0.0660301708	-0.0919255303	-0.0255987997	0.0200271134	-0.0253858903	0.062902456	-0.0454263229	-0.050669471	-0.058627327	-0.1465715084	-0.0228476388	-0.059132114	-0.0800521969	-0.0421219231	-0.0345001168	0.0284769346	-0.0133097101	0.0288021311	-0.1437827497	-0.059827044	-0.0062152329	-0.1466340157	-0.0211573915	0.0573347995	0.1158502485	0.0285056063	-0.0090120428	-0.0076675112	-0.0095693955	-0.0626738564	-0.0746265606	0.0530475577	-0.0101516883	-0.06432449	0.1347015209	0.014288061	-0.0315059844	0.0635609637	0.0351978753	0.0059341712	-0.1019113804	-0.0177231056	0.0998612018	0.0410141	-0.0084798	0.0016821563988099	7.190700804000005e-05	-0.0154292	-0.0365521	0.00023806021264	0.00133605601441	0.304692	-0.0214249999999999	0.0004590306249999	0.092837214864	-0.000977741	0.0001763189999999	3.108838976099995e-08	9.559774630810002e-07	0.00036094	0.000178661	1.302776836e-07	3.1919752921000004e-08	5.02564e-05	3.4506300000000005e-05	1.1906847396900003e-09	2.52570574096e-09	0.0
275.6572755837193	0.1618156167511415	0.0261842938245523	75986.93358223856	392.8663134224181	0.5218705058098294	154343.94022212166	0.2723488248342072	288.8925551311505	-0.1129331685934289	83458.90841020484	0.0127539005685518	299.59083044130404	247.005227977452	1.041779	20.317141	0.02908368	0.019047	-0.0350152452	-0.0582155764	0.1158827941	0.0953066307	-0.002859547	0.0529444344	0.0964660974	-0.0667025287	0.0508568816	0.0438555703	0.0457776781	0.0175474751	-0.0076481533	0.0998577239	-0.022421608	0.0038222177	-0.0374717311	-0.1148380407	-0.0341337213	-0.0638458317	-0.1724088681	0.008289337	-0.0866181908	-0.11333184	0.0638545952	0.0024763716	0.0470795007	-0.056423425	-0.0484384414	-0.0052875214	-0.0439702961	-0.0227276912	0.0182429501	-0.0317376806	0.0282416248	0.0374305916	0.0457251878	0.0294955859	0.0499188766	-0.0138354691	-0.0565030481	0.1167404492	-0.1552854135	-0.1097718466	0.1678541304	-0.114940523	-0.0750541339	0.0604238594	-0.1458159682	0.0596313025	-0.0145722782	0.0057500075	-0.0359678441	0.1198931483	0.0428866991	0.0875529496	-0.038831598	-0.2134208008	-0.0020596837	0.0249373025	-0.0597976859	-0.0868061976	-0.1417463942	-0.115043514	-0.1206041289	-0.1950525358	-0.0276149251	0.1045145569	0.0265171097	0.1095823648	-0.026648704	0.0176691531	-0.0284741643	0.0697233551	-0.1099573531	0.0853987518	0.0009167319	0.0030645053	0.1291893168	0.0880088138	0.0048464771	-0.0433558841	-0.0767616307	-0.0556618756	0.0155398376	0.0751638809	-0.0153387564	0.0191309516	0.0338955442	0.0482413915	0.1364618528	0.1141576422	-0.0287704232	-0.0477961936	0.1005866132	-0.0354732376	0.0395220105	0.0023107147	-0.1117566734	-0.0488818117	-0.0179740694	0.0259583736	0.0185707614	0.0725787287	-0.0334878146	0.0674441034	-0.1383230223	0.0194481552	-0.1381116873	0.0426294028	0.0976184033	0.1112403862	0.0315919902	0.0929242652	0.0653555984	-0.0591185658	-0.1533522413	-0.023235462	0.12196064	-0.0037120523	0.1083183039	-0.1181504236	0.1148211395	0.0464252453	0.0781273519	0.0219058589	0.0170712951	0.0930246446	-0.1057918479	-0.0933508661	0.0278424582	0.0763856262	-0.0523179544	-0.0132191246	0.0647396465	-0.0266904276	0.0488823657	0.070295007	0.1588669964	0.0799751866	-0.0031458744	-0.1870366756	0.095644294	-0.0256102226	-0.0480633387	0.079645898	-0.0623292046	0.0818231511	-0.0887650133	0.1095908662	0.0512443522	0.1674309421	-0.1071807292	0.0105062523	-0.0401316956	0.0417679264	-0.0014794706	-0.1263434258	-0.047863739	0.027034123	-0.0318258848	0.0213980817	-0.0795605101	-0.0423360627	-0.1357558421	-0.0868569696	0.0256557914	-0.0405021328	0.0172950336	0.0935237546	0.0026321108	0.0761146839	-0.0323840102	-0.0222883184	0.001069088	-0.016220652	-0.0701876361	-0.0191611069	-0.1055942729	0.0119149362	0.1485237079	-0.0730638586	-0.0143499506	0.0386868227	0.0659645545	0.0042398529	-0.1022474116	-0.0126905962	0.1011985345	0.0422844	0.0012703	0.00178797048336	1.613662090000005e-06	0.00228615	0.01771535	5.2264818225e-06	0.0003138336256225	0.301288	-0.003404	1.1587216000000124e-05	0.090774458944	-0.000977637	1.0400000000011963e-07	1.081600000002488e-14	9.557741037689998e-07	0.000376863	1.592299999999999e-05	1.42025720769e-07	2.535419289999997e-10	0.00016811	0.0001178535999999	1.3889471032959997e-08	2.82609721e-08	0.0
275.36442733225067	-0.2928482514686266	0.0857600983882319	75825.56784001835	394.2709621698396	1.404648747421504	155449.5916103311	1.9730381036328009	289.06708484266653	0.1745297115160156	83559.77953943737	0.0304606202018636	299.9046511555448	246.0532717165394	1.042081	20.323038	0.07420075	0.0401779	-0.0547532995	-0.0931158443	0.1237375515	0.0545511753	-0.0041770654	0.0043681214	0.0467818899	0.0384278849	0.0781919678	-0.0005191814	0.1468888174	-0.0015908211	-0.1281988168	0.0665533581	-0.0587212132	-0.0068023016	-0.0683272863	-0.0725183742	0.0426737348	-0.0485229085	-0.0430974217	0.060106353	-0.0376924676	0.0230552587	-0.0724817823	0.1554182837	0.0097238836	0.0337231518	0.0816336478	0.1066799311	-0.0191628522	-0.019323458	-0.0388951809	0.1104882273	0.0770313789	0.0581706989	-0.0143846454	0.1234183907	0.0138070092	0.0274590826	0.0307765259	-0.0611659461	0.0208223477	0.0414160943	0.040469215	-0.0980498753	0.0461404522	-0.0888314091	-0.137396329	-0.0548733822	0.0181925474	-0.0922129347	-0.1341087739	-0.0528221565	0.0091480674	-0.0760677546	-0.1808503287	-0.012492514	-0.0206875751	0.0045785669	0.0645688434	0.0221573751	0.0401503873	0.0553099764	0.0905096836	-0.0689762332	0.0320994991	-0.1303414312	-0.0098032031	0.1161636844	-0.1124092934	0.0588910243	0.0213174213	0.0544648344	0.076971941	0.0558098901	0.1014349936	0.0360535143	-0.0354757645	0.0113756266	-0.0571970836	-0.0289175032	0.0833943309	-0.0208076355	-0.119999975	-0.0870751391	0.0512007442	0.0443454762	-0.0180527356	0.0258650062	0.0275561535	-0.0865731248	0.0031126956	0.0754167993	-0.0986793665	-0.0083203036	-0.1087562867	-0.0104869584	-0.07770657	0.0028385776	0.1139081866	0.0788500494	0.0701313135	0.0687853387	0.0417430398	0.0500911201	0.0759355562	-0.0425151796	-0.1136388886	-0.0030056005	0.042279953	0.0567593415	-0.0662520912	0.0155661116	-0.1323708822	0.0202330948	-0.0458114096	-0.1370914172	-0.0946555172	-0.0962623772	-0.0714744486	-0.0155051647	-0.0363219964	0.0048439639	-0.0254247016	-0.0589834443	-0.0792228174	0.0142501305	0.0740488986	-0.178692046	-0.2148256198	0.1127771878	0.0828929265	0.0875973543	-0.0224663044	-0.0291366247	-0.1432645095	-0.0451397554	-0.0856592096	-0.0182961068	-0.006079592	-0.0665955711	-0.0062924685	-0.065636247	0.0222058539	-0.0887835066	0.0859504366	-0.05263563	0.0879995955	-0.0007695476	0.0055287886	0.0477461891	0.0182600946	-0.0557778824	-0.0495125224	0.0601085016	-0.1390747558	0.0887783517	-0.0514744482	-0.0539011845	-0.0843105756	0.0382307395	-0.0091141836	0.120567316	-0.1335620473	-0.0755877281	-0.0037345492	-0.033610916	0.0261733542	0.1148693577	0.0792543156	0.088009593	-0.0324785444	0.016832877	-0.0285970466	0.0212446944	-0.1118949736	-0.0518484108	-0.075587556	-0.0407171156	0.0989686797	-0.0745643983	-0.0004864846	0.0197713355	0.0780266653	0.0025443755	-0.1024716367	-0.0076268671	0.1020933517	0.033003	-0.0092814	0.0010891980089999	8.614438596000004e-05	0.0218609	0.01957475	0.0004778989488099	0.0003831708375624	0.329307	0.028019	0.000785064361	0.108443100249	-0.0012832	-0.000305563	9.336874696900001e-08	1.64660224e-06	0.000417812	4.094899999999998e-05	1.7456686734399998e-07	1.676820600999998e-09	0.00016811	0.0	0.0	2.82609721e-08	0.0
275.1941296827234	-0.1702976495272423	0.0290012894345034	75731.8090118316	393.702121654379	-0.5688405154605789	155001.3605951595	0.3235795320294571	288.765148812138	-0.301936030528509	83385.31116849622	0.0911653665313127	299.61372293909125	247.47731218947823	1.053341	20.542622	0.0763409999999999	0.0407606	-0.0112544056	-0.0989115982	0.0816292694	0.0761718775	0.0418659256	0.000591002	0.1638081934	-0.1330141248	0.0763651386	0.0282189819	0.1241774631	0.0399802135	0.005007287	-0.0051823663	-0.0978696609	-0.0358747473	-0.0760680162	0.0222088045	-0.0191879392	-0.0580937437	-0.1920547834	-0.0142972336	-0.0371228657	0.0779252747	0.0057054079	-0.0342813429	-0.0247351246	-0.0772122731	0.0827099426	-0.0044560862	-0.0706839543	-0.0463657989	0.007380853	-0.0050187427	0.0109024607	0.0080081311	0.0403377952	0.0041091169	-0.0153306337	-0.0164887447	0.0422872299	0.0108347006	-0.0196881594	-0.0934756603	0.0004405724	-0.1208711582	0.0894311167	0.0813730557	-0.162226914	-0.0801783462	0.0429750692	0.0611061853	-0.0734201773	-0.0076166217	0.0766207631	0.0838383456	0.0745333365	0.0778015665	-0.0522576081	-0.0306341657	0.1631717366	0.0961923307	-0.0100580725	0.0132766748	-0.0689091959	0.0097989963	-0.0271913336	-0.0492063995	-0.0219447991	0.022447774	-0.1506362645	0.0545086617	0.0166240052	-0.0319128902	-0.0093053948	0.0953127967	0.1250859351	0.0290830655	-0.1488463	0.1134041886	-0.0092797657	0.1169381815	0.0526717995	-0.1156391988	-0.0174799903	0.0353747667	0.0549439575	-0.0830098806	-0.0598366559	0.0456469685	0.0431313835	-0.0345368827	-0.0886637372	-0.022853622	0.0251273272	-0.0609891777	0.0709292162	0.0012855414	-0.0605571111	-0.0431249686	0.0345184022	0.0776295344	0.037266579	-0.073089242	-0.0078432744	0.0694030356	-0.0941694116	0.0648185771	-0.0244177035	0.015278026	0.0073545923	0.1563983321	-0.0586366356	-0.1121520726	-0.065053256	-0.057126804	-0.0420164755	0.0462167894	-0.0310158279	0.0534048901	0.0079238823	-0.0475289031	0.1419504214	0.0932712235	-0.07180559	-0.1070927905	-0.0339890033	0.0140838366	-0.0617757406	-0.0291425055	-0.0741340603	-0.0941483838	-0.1344192131	0.1560741756	0.067567039	-0.0495010253	0.0118179919	-0.0688546043	-0.0814825295	-0.2174844659	0.0521944666	0.0140756745	-0.0107764337	0.0376372326	-0.0245866508	0.0291892689	0.0008185971	-0.0164760861	0.0492964677	-0.0108946057	0.13964695	0.0340880896	0.0220320256	0.0042285855	-0.1209743358	0.0374626195	0.0675823135	-0.0016444872	-0.0313051126	0.0160581918	-0.0788805368	0.0324582933	-0.0686902579	-0.0374511112	-0.1517631557	-0.0718466021	0.0053725637	-0.0892260186	-0.0444285565	0.0946963761	0.0630209794	0.0498933821	-0.0455941186	0.0048018563	0.0208584079	-0.0061655502	-0.0909721914	-0.1104355144	-0.0960749489	-0.0324956963	0.1317949786	-0.0685088753	0.0293707084	-0.0186080641	0.0619019985	0.0008482025	-0.1025838106	-0.0025443755	0.1025417406	0.0397649	0.0067619	0.0015812472720099	4.572329161000002e-05	-0.0109792	-0.0328401	0.00012054283264	0.0010784721680099	0.312074	-0.017233	0.0002969762889999	0.097390181476	-0.00101384	0.0002693599999999	7.255480959999998e-08	1.0278715456e-06	0.000297052	-0.0001207599999999	8.823989070400001e-08	1.4582977599999992e-08	0.00016811	0.0	0.0	2.82609721e-08	0.0
274.8521967083424	-0.3419329743810522	0.1169181589690732	75543.73003540133	392.547466518996	-1.1546551353830523	154093.51347048226	1.3332284816664548	288.52563345145927	-0.2395153606787516	83247.04115856583	0.0573676080010725	299.3535250573316	242.58710926256245	1.076446	20.993229	0.067406445	0.0369485	0.0023868979	-0.1104268437	0.0949649351	-0.0125853306	-0.0640609349	0.0589622331	0.0085165368	-0.0080468415	0.098852288	0.0717968969	0.0514658341	-0.0145814604	-0.03239312	0.0645283195	-0.0959644748	-0.0071115066	-0.0342342844	0.0579745675	-0.0311765989	-0.0470569037	-0.0644429372	-0.0194182107	-0.0997547856	-0.0246620565	0.0612808734	0.0403795519	-0.0560015336	0.0132471824	-0.0716451369	0.0415271028	0.1013456039	-0.0332848326	0.0074670799	0.0589199237	0.0297428182	-0.0067609893	0.0353175683	-0.0756370861	0.0231708235	-0.0336641527	-0.0860255496	0.0391309861	0.0438497307	-0.1061518357	0.0458033113	-0.0883543636	-0.1253661487	-0.050578648	-0.015076648	0.0010311378	0.0403248209	-0.036710001	0.0052866979	-0.0248146509	-0.0403496642	-0.0513759215	-0.0515966384	0.0637246936	-0.0174265213	0.0656477109	-0.0360827302	0.0009807668	0.0119050429	0.0333170359	-0.1416322211	-0.0490126737	0.1864423114	-0.1340883755	-0.0064143795	-0.0012827988	0.1222903861	0.0651168916	-0.0097750475	-0.0126976484	0.1198135103	0.0730881891	0.1112467822	-0.0359261356	0.0191240108	0.0101363467	0.0772288023	0.0988319128	-0.1252487514	0.0223406576	-0.0093443075	-0.0508629976	-0.0607491636	-0.0982873889	0.0630886696	-0.0543592921	-0.1116318009	-0.0852645962	-0.0096226288	0.1250899419	-0.041757597	-0.053964749	0.0169642565	0.0117559609	-0.0772526511	-0.0370583734	-0.004039889	0.0046716424	0.0428586815	0.0318239356	-0.1506046857	0.0377427577	0.0201536329	0.0916364613	-0.0703604908	-0.0762467626	0.046555366	0.0033782773	-0.1111413006	0.0517367754	0.0328979188	0.0225471054	0.0457601004	0.0496212306	-0.0169517918	0.0555728774	-0.0684727779	-0.0039454829	-0.0264939244	-0.0296761016	0.0315859587	-0.0910437926	0.0635066033	-0.030527968	-0.0228897101	-0.0466384561	0.0120417915	-0.0040678003	0.1405155799	0.0453600154	0.0462038784	-0.0345213971	0.0211303287	-0.0908918379	-0.0868843282	-0.0320087266	-0.1340687086	0.0325554038	-0.2623818331	-0.0660172479	-0.0242554602	0.0204445182	-0.1315897805	0.0574594843	0.0571083928	0.091154121	0.1081130106	-0.0859376484	-0.0088841082	0.1158927527	0.1050455093	0.0123938359	0.0981248012	0.0063811534	-0.0363561098	0.0680830651	0.0735150944	0.0369033735	-0.0501972113	0.0020493418	-0.1559728191	-0.1080695827	-0.0029183817	0.0760108078	0.0026463455	0.0940019795	0.1085891166	0.019094313	0.0137034993	0.0332896836	0.0466173947	-0.023765813	-0.1119143023	-0.1099741974	-0.0389629352	-0.0001692129	0.0136829898	0.0130924325	-0.0081387855	-0.0361346442	0.0121404932	-0.0008482025	-0.1025838106	0.0025443755	0.1025417406	0.0373216	-0.0024432999999999	0.00139290182656	5.969714889999978e-06	0.0222659	0.0332451	0.00049577030281	0.00110523667401	0.317122	0.0050479999999999	2.548230399999997e-05	0.100566362884	-0.00121876	-0.0002049199999999	4.1992206399999976e-08	1.4853759376e-06	0.000474561	0.000177509	2.2520814272100006e-07	3.1509445081e-08	1.71381e-05	-0.0001509719	2.279251458961e-08	2.9371447161e-10	0.0
274.9890587255267	0.1368620171843417	0.018731211747767	75618.98241875118	392.94544270351264	0.3979761845166649	154406.12094145952	0.1583850434424425	288.4101075239936	-0.1155259274656828	83180.39012200154	0.0133462399168062	299.22051062415784	243.3591237739149	1.042843	20.337891	0.051625125	0.0244319	-0.0099466289	-0.1269743991	0.0902971634	-0.0529853302	-0.0427273673	-0.0014868663	0.0734896542	0.0208521064	0.0929413442	0.1084891665	-0.0441659087	0.0549465595	-0.017978937	-0.080017496	-0.0557798895	-0.1409198828	-0.0242555237	0.0703806194	0.0376497469	-0.0154297204	0.0584102015	-0.0208452401	-0.0281993728	0.1059884625	0.0945299714	0.0438197874	-0.0755705607	0.1149971889	-0.0189243849	0.1129818024	0.0692171213	0.0374211521	0.0079066334	0.1537164244	0.0985369029	-0.0108042618	-0.064209071	-0.0697551797	-0.0311682666	0.0985790279	0.0583502538	-0.0808172811	-0.0101944824	-0.0128281432	0.1223961717	-0.1333683988	-0.0222381502	-0.0110766748	0.020045632	0.0126020396	0.055550834	-0.2449186432	-0.0205466081	0.001419642	0.0592851457	-0.0179007886	0.0125754242	0.0502784032	0.0994301948	-0.0939414573	0.0910239054	0.0218844754	-0.0274040637	-0.0105157614	-0.0098466301	0.1392668392	0.0364985983	-0.0303675527	-0.029884409	0.0168328459	-0.0496932105	0.1593431406	-0.0041565453	-0.020277367	0.101986675	0.1416171588	0.0729473846	-0.1032058971	-0.0282164032	0.0084260242	-0.1032956695	0.0280932181	0.0924773671	0.041424213	0.0804418042	-0.0337592371	0.1134327674	0.020694105	-0.0330361208	0.0197041186	0.0337210128	0.0978437339	0.1460005976	-0.0953907148	-0.0723819065	-0.0238610484	-0.0353560747	0.0567237631	-0.0539910059	0.027060247	-0.0416325344	0.0413371858	0.1725049445	0.0201074845	0.0059276652	0.0962304062	0.0395315108	0.0199954067	-0.086959271	0.0783626054	-0.1125692889	-0.0500326083	-0.0737085823	0.1125615882	0.0467191322	0.0041550225	-0.1245523177	0.012120225	-0.1583340664	0.0148714335	-0.0704935999	0.0271687617	0.1104302882	-0.0434287211	-0.0541104949	0.0425046847	-0.0756113302	-0.0606026165	0.0339961892	-0.1375173138	-0.0501364993	-0.0880505579	-0.0036371526	-0.0074357912	0.0684186514	-0.0417414254	-0.1241881522	-0.1964014414	0.0145976567	-0.0995933898	0.0280660363	0.0965952236	-0.0280666313	-0.0053641903	-0.0723676895	-0.0337629162	0.1708349766	-0.0566169244	0.1233204394	0.0186469845	0.0150654895	0.0569981959	0.0133655207	0.0384448425	0.0520196559	0.0315551029	0.0616843661	-0.0584978654	-0.0532107892	0.0981330582	0.0084128493	0.0529348859	-0.0180821668	0.0963278733	-0.1311315714	-0.0470223081	-0.0154140676	-0.1033880645	-0.0574600071	0.0766435868	0.1179161948	0.0369348525	0.0080518957	-0.0250830583	-0.0018550171	0.0235850092	-0.0413529594	-0.0974880468	-0.0416324846	0.0141133799	0.1032710087	-0.0204775473	-0.0124185852	0.0804667628	0.0738573269	-0.0025443755	-0.1024716367	0.0076268671	0.1020933517	0.0350116	-0.00231	0.0012258121345599	5.33610000000003e-06	0.00194513	-0.02032077	3.7835307169e-06	0.0004129336933929	0.325846	0.008724	7.610817600000016e-05	0.106175615716	-0.00098399	0.00023477	5.5116952900000016e-08	9.682363200999998e-07	0.000425535	-4.902600000000003e-05	1.81080036225e-07	2.4035486760000027e-09	-0.000104473	-0.0001216111	1.4789259643210002e-08	1.0914607729e-08	0.0
275.1728028743024	0.1837441487757019	0.0337619122093072	75720.07144169969	392.4098847458205	-0.5355579576921627	153985.5176462281	0.2868223260474004	288.6267880868901	0.2166805628964994	83305.42280135455	0.0469504663371438	299.18802184231816	244.52759504356592	1.0386	20.255135	0.09326537	0.0475605	0.0095037466	-0.0748399492	0.040938429	0.0352535576	-0.0111695127	0.0917846398	0.0541607452	-0.0416970258	0.0674093403	0.1053845908	-0.0312700072	-0.0239415851	0.047393025	0.0729101889	-0.0468357171	-0.0542660839	-0.0202580927	-0.0398510249	-0.0360991661	0.0327766124	-0.1114182051	0.1175904221	-0.0682789633	0.1196820838	-0.0061127084	0.0108581835	0.003486357	0.0166698058	0.0485963193	-0.0873784385	0.0735664102	0.0207879093	-0.0789724263	0.0647985206	-0.0435170862	-0.0306088967	0.03035759	-0.0808021386	0.0233400047	0.1166614762	0.0367277496	0.0003565737	0.0016602461	-0.171612354	-0.0053767923	-0.0052506156	-0.080391298	0.0932112586	0.0242782026	0.0809848715	0.1125276939	-0.1584701305	-0.0998251553	0.0410956784	-0.0884537593	-0.0143206482	0.007322109	0.0061328898	-0.1171939486	-0.0091959317	-0.0151539695	0.0372926782	0.0436151022	-0.1354613526	0.1379304568	-0.0020453762	-0.0731992233	0.0432712178	-0.0153364808	-0.0038718399	0.0934196355	0.120564808	-0.0660494837	0.0686124246	0.0035512181	-0.0795853082	-0.0219424186	0.019764369	0.0626817757	0.0430512941	0.0882091572	0.1062543714	0.0693727013	-0.0123351451	-0.1105718052	-0.0596959434	-0.0493429882	0.0455866557	0.1084620319	0.0176329722	-0.0299598291	-0.0934452988	0.1123407958	0.0048527292	0.0195205676	0.1057089653	-0.0760041068	0.0442883776	-0.0960093805	-0.0339756516	-0.0785755012	-0.0553243214	0.101808141	0.0147657989	-0.025419789	0.0086216185	-0.0437821517	0.0770654466	-0.0205249007	-0.1378852513	-0.0684847969	0.0750483906	-0.0213099772	0.1259756677	0.0385657153	0.0104249533	-0.0709865411	-0.0037994541	0.0243027071	0.0409452423	-0.1399732333	-0.1328706352	-0.09570497	0.0148255874	0.0939934135	0.0865596398	-0.0534123618	0.0919968061	-0.0986383452	0.0144504613	-0.0841125465	-0.0002359575	-0.006925314	0.0369650995	-0.0326318545	0.1829889051	-0.0064137519	-0.0839368429	0.160635254	-0.0239748869	-0.0260260791	0.047169589	-0.0847021683	0.0428914605	-0.0227723179	0.0820961779	0.0450178024	-0.0560222447	-0.0056489706	0.0181709737	-0.0237837313	-0.0592328809	-0.0490100501	0.021399595	-0.0303116705	-0.1341155948	0.0340450921	0.1683658122	0.0445835377	0.0047216769	-0.0001705604	0.0217892707	-0.0832844379	-0.0351212636	-0.0967977983	-0.0336552888	0.0411774993	-0.0421542166	-0.0391535156	0.1043854824	0.0086115827	0.1071130268	-0.0216432495	-0.0551313878	0.0215813118	-0.0335299802	0.0734988395	0.035797915	-0.0589276731	-0.0053007887	0.0752931979	-0.1380920154	0.0047158906	0.0641721358	0.0420943201	-0.0042398529	-0.1022474116	0.0126905962	0.1011985345	0.0328946	-0.0021169999999999	0.00108205470916	4.481688999999974e-06	-0.00922174	-0.01116687	8.504048862760001e-05	0.0001246989855969	0.29705	-0.028796	0.000829209616	0.0882387024999999	-0.000502429	0.0004815609999999	2.3190099672099994e-07	2.52434900041e-07	0.000838656	0.000413121	7.03343886336e-07	1.70668960641e-07	-0.000233501	-0.000129028	1.6648224784e-08	5.4522717001e-08	0.0
275.30872134676554	0.1359184724631177	0.0184738311567072	75794.892049591	393.5980304549581	1.1881457091376433	154919.40957802214	1.4116902261421933	288.65151189470777	0.0247238078176792	83319.69531910062	0.0006112666730055	299.60196291524227	246.86181019696343	1.098396	21.421301	0.0918069099999999	0.048292	-0.0355902355	-0.0606151702	0.0043622252	0.1110554513	-0.0418659696	-0.0250801864	0.0284574241	0.0363394775	0.0969205161	0.052172536	0.0448307796	-0.0722336168	-0.072392577	-0.0487313372	0.1086552149	-0.071897294	0.0473880542	0.025843702	0.0500724629	0.1642277044	-0.0105666394	-0.0320128203	-0.0364250413	-6.48798e-05	0.03136947	0.1011064749	0.087038072	-0.0421425087	-0.030506335	-0.0008532961	0.0580463922	0.0233302629	0.0412924359	0.0282113908	-0.0121962381	0.0003238831	-0.0029723208	-0.0184855306	-0.056981852	0.0337602207	0.0853564669	0.068682001	-0.0165656649	0.0679094213	0.0696467803	0.0465486449	0.1047573549	-0.0991119407	0.1393935797	0.068985299	0.0696248168	-0.0471120077	-0.0555071609	-0.0070380857	-0.16583101	-0.0643948334	0.0953217967	0.0132656519	-0.0685353286	0.0397255544	0.0403220538	-0.0736299418	-0.026679708	0.0035766431	-0.023997864	-0.0283593517	0.0527325581	0.0376504235	0.0528885685	-0.010835243	0.0921737774	-0.0822068911	0.1235299207	0.2048183639	0.0580894221	-0.0325564386	0.0682630854	0.0358037818	0.052801922	0.0612845426	-0.1094953085	-0.1216620401	0.115007224	0.013046376	-0.1034302421	-0.0032557998	-0.0599876331	-0.1344221831	-0.000482457	-0.0350069321	0.0798105664	0.000367114	-0.12568255	-0.0777900999	-0.002959565	-0.0978011319	0.070362406	-0.0343029719	-0.0322344329	-0.0544887241	0.0481819047	-0.0750161652	0.0323736878	0.0480453827	0.0112415758	0.0971330347	0.0043301471	-0.0780388198	0.0115579636	0.0778016629	-0.1962100776	-0.1841416989	0.0606766497	0.0425656193	-0.132144317	0.1497359507	0.0796224983	0.0025433232	-0.0418562283	-0.0138618678	-0.0516926634	-0.1150550995	-0.0797968407	0.0852515515	0.0520185651	0.0090226751	-0.0099186883	0.1052188345	0.1156974287	-0.0494202046	-0.0094306455	0.0438008295	0.0050857296	-0.1101239547	-0.056618151	-0.2197808473	-0.0166467868	-0.0710452975	0.1393798911	0.1248724644	-0.082713317	-0.0242946521	-0.0298038197	0.1465352176	-0.063090519	0.0626497764	-0.0942397635	0.053100426	0.0326085583	-0.0671449499	-0.037461906	0.0548070575	0.0405841873	0.0411825871	-0.034800582	0.0425384441	-0.0360354862	-0.0595525421	0.0279691181	-0.0836433948	-0.0492276142	-0.0364702778	-0.0142118745	0.1292381415	-0.0442308927	0.0016326415	0.0605582019	-0.0386545646	0.0062185853	0.0527531156	-0.0495814029	0.1347791669	0.0213259332	-0.1037123214	0.0378599017	-0.0585732562	0.0685840617	0.0251987192	0.0443888927	0.048532598	-0.0715945791	-0.0726884617	0.0889567255	-0.0268198389	-0.0625589037	-0.0059341712	-0.1019113804	0.0177231056	0.0998612018	0.0330021	0.0001074999999999	0.00108913860441	1.1556249999999244e-08	0.00931532	0.01853706	8.677518670240001e-05	0.0003436225934436	0.259073	-0.0379769999999999	0.0014422525289999	0.067118819329	-0.0007323279999999	-0.0002298989999999	5.2853550200954034e-08	5.363042995838535e-07	0.000364848	-0.000473808	1.33114063104e-07	2.2449402086400007e-07	-0.000233501	0.0	0.0	5.4522717001e-08	0.0
275.17187117323886	-0.1368501735266818	0.0187279699942829	75719.55868498156	392.8470095389124	-0.751020916045718	154328.77290366634	0.5640324163381494	288.85094135125064	0.1994294565428731	83434.86631950364	0.0397721081369857	299.57054619783355	244.47922501884847	1.082669	21.11459	0.1140733155	0.0683329	-0.0031686133	-0.014101449	-0.0728201174	0.0963137503	-0.0192637707	0.0135333948	0.1081919158	-0.0321783305	0.0224962283	0.0036470278	0.0243046557	-0.1066758669	0.0799407909	-0.0413253998	0.0131136834	-0.0275736507	0.1168296847	0.0705786796	-0.0015779045	0.105483649	-0.1225097839	0.0334306655	0.1752521518	0.0231144811	-0.0488419979	-0.0565745527	-0.0059089438	-0.0093878125	0.0789927995	0.0592169111	0.0084004997	0.0138227168	-0.015977245	-0.0464700336	-0.1078068922	0.0713647652	0.0172705416	-0.0063786833	0.0439192169	0.0188563826	0.0792054506	0.033555107	-0.0394217238	0.0747367932	0.048322438	0.0210187097	-0.0300187979	-0.0219959076	-0.0098093738	0.0014985916	0.0115467775	-0.021517686	0.2300625496	0.0472968452	-0.0286265402	0.0314702809	-0.0531201673	0.0025704171	0.055381598	-0.127976801	-0.0733514161	0.0111453989	0.0272301259	0.0057986735	-0.0568659177	-0.068047411	-0.0379320856	0.063743472	-0.0098674388	-0.0026335062	-0.1237082513	-0.1228638318	-0.003644602	-0.0756369147	0.0020656983	0.0109079766	-0.0761751086	0.0053256662	0.021497101	-0.0281620571	-0.0260233145	0.0498004723	-0.0306003472	-0.1453734287	-0.0544738219	-0.0028039974	-0.0294149945	-0.0608258667	-0.1444903855	-0.15985317	0.0098237299	-0.0612700571	-0.0455414745	-0.0014422909	-0.0281215026	0.0336406825	0.1626522395	-0.085759823	-0.0193255308	-0.0573065214	-0.0147308168	-0.0456810841	-0.0041860263	-0.0386828097	-0.0262597167	0.0611866207	-0.0936953457	-0.0149501362	-0.0931256457	0.0721268244	-0.0813746555	-0.0589816	0.041770328	0.0048427686	0.1224343625	0.0725975757	0.0340959686	0.0369105197	-0.0168313401	-0.0216210668	0.0401073845	0.0358255612	-0.0812265813	-0.0214257107	-0.0281078853	0.0528176932	-0.0430665583	-0.1635226897	0.0038377831	0.1104669642	-0.0506653258	-0.0358976571	0.0027456478	0.0906234548	0.0669755045	-0.0253806198	0.070455538	0.1587021523	-0.085456065	0.0635981882	-0.1596786619	-0.2092290919	0.0164435882	0.1066316905	-0.0689118718	-0.0577444424	0.0146731875	-0.0825621115	0.0049653119	0.0310228545	-0.0908358139	-0.0151920309	-0.0623025019	0.124091814	0.037210832	0.06994617	-0.0351013055	0.000989845	-0.0182052861	0.0428003228	-0.0836018713	-0.0609940113	-0.0642060432	-0.0477127816	0.0057181277	0.051935406	0.0869402218	-0.0614464029	-0.0816070732	-0.0411715526	-0.0627303599	0.159183571	0.0272506806	-0.1034470343	-0.0122190352	-0.0185347193	0.0213062029	0.036468622	0.0015255598	0.0559354765	-0.2101342775	0.0921134771	0.0057467962	-0.0343949342	-0.0751118015	-0.0076268671	-0.1014639107	0.0227120151	0.0980872016	0.0330021	0.0	0.00108913860441	0.0	-0.0401459	-0.04946122	0.0016116932868099	0.0024464122838884	0.231016	-0.028057	0.000787195249	0.053368392256	-1.22609e-06	0.0007311019099999	5.34510002805502e-07	1.5032966881e-12	0.000364848	0.0	1.33114063104e-07	0.0	-0.000233501	0.0	0.0	5.4522717001e-08	0.0
275.388936794658	0.217065621419124	0.0471174840020704	75839.06650889212	394.2531143982363	1.4061048593238752	155435.5182127088	1.9771308754142147	288.72684079980024	-0.1241005514503967	83363.18859823319	0.0154009468702925	299.52546719590873	243.9879505252768	1.0544	20.563276	0.0763170954999999	0.0473064	0.0227323008	0.0514923426	-0.0682676565	0.0993043984	-0.0589429506	-0.0329195874	-0.0362210868	0.0312708283	-0.0113312696	-0.0469463468	0.0641033863	-0.1282921808	-0.0131361666	0.0531799679	0.0684126631	0.0477462864	-0.0041540244	0.1239383658	-0.0036713999	-0.019184894	0.0559098739	0.1084774154	0.0061458662	-0.0454314339	-0.0244202119	-0.0559997967	0.015020941	-0.1569292323	0.0470855348	0.0013051153	0.1368862894	0.1296809198	0.0627882421	0.031590273	0.0815101227	-0.0434858176	-0.0242665842	0.0625194713	0.0204021292	-0.0704610256	-0.0138321476	0.1317529355	0.0140924719	-0.0375269194	-0.0131722395	0.065860341	0.0032063301	0.1428367179	0.0761375959	0.0042222758	0.005272041	-0.129158024	0.0467668852	-0.0557944592	-0.1475552226	0.0375988994	-0.1456324087	-0.0670834735	-0.002232392	-0.0500178654	-0.0351303781	-0.0028019248	0.0205559962	-0.1103461268	-0.1107129966	0.119955113	0.0311471692	0.0323734827	-0.030077531	-0.0732294393	-0.2144586907	-0.0992209616	0.0681521086	-0.0714273597	-0.1201477456	-0.0772785487	0.0198949846	-0.036124561	0.0139370879	0.0448377482	0.0165716023	-0.0668659802	0.0093743665	0.1012177104	-0.2198021452	-0.1072761954	-0.0199153263	-0.0101571798	0.0265420306	0.0327332512	0.0596601819	-0.0701352172	-0.0063670271	-0.0670005108	0.0006007946	-0.0161002263	-0.1797610836	-0.0135414665	-0.0064589604	-0.0185899904	0.0787821068	-0.0953943323	-0.1019020392	0.0475125243	0.021447119	0.1205104405	0.021106591	-0.0931688714	-0.0612274003	-0.0640292299	-0.1062369904	0.0583088279	0.0144133647	0.0045724033	0.0190031258	0.0719767259	0.0930822117	0.0692047634	0.0318118027	0.0905872591	-0.0468257627	-0.0337249894	-0.0222022555	-0.1229205953	0.0813712271	0.1018664995	0.0621902472	-0.01116274	-0.0088542326	0.0916673404	-0.1766381812	0.0304819636	-0.1530564961	0.0578370438	0.0467325927	0.0175166636	0.0156662868	0.0862997736	-0.0245122556	0.141584689	0.0839109659	-0.0788317238	-0.0708133114	-0.0952392329	0.0675699862	-0.0627169355	0.2765879085	0.0351534459	-0.123412831	0.0791085934	-0.0783355765	-0.0352060263	0.0104729139	-0.1147089713	-0.0020597473	-0.0300646826	0.1380329386	-0.0479266892	0.0337494015	-0.1094329248	0.1061463071	-0.0670442953	-0.0636386026	0.0555763287	0.0469812425	0.015791515	0.0697493124	0.0964371353	0.0138489834	-0.1191938614	-0.0107384334	0.1841786272	0.0046289421	0.0344522472	-0.0299457768	-0.122750419	-0.0378712973	-0.0084588959	0.0314832485	0.1492376941	-0.1044640606	0.111286777	0.0656325708	0.0566824641	0.0136467492	-0.009317478	-0.1009054916	0.0276450517	0.0958842909	0.0260654	-0.0069367	0.00067940507716	4.8117806890000006e-05	-0.00177295	0.0383729499999999	3.1433517024999995e-06	0.0014724832917024	0.232345	0.0013289999999999	1.7662409999999915e-06	0.053984199025	-0.000594795	-0.00059356891	3.523240509185881e-07	3.53781092025e-07	0.000364848	0.0	1.33114063104e-07	0.0	-0.000233501	0.0	0.0	5.4522717001e-08	0.0
275.635197032032	0.246260237374031	0.0606441045115141	75974.7618428871	394.762337532094	0.5092231338577449	155837.30313380293	0.2593082000559027	289.06984427889483	0.343003479094591	83561.37487142452	0.1176513866709935	299.97434841751146	244.3120165468549	1.04609	20.401213	0.0740564499999999	0.0405883	0.004045761	0.0817974087	0.0217938841	0.0206843099	-0.0421274358	-0.0709169631	-0.0173225496	0.0683895766	-0.0536178408	-0.0628525084	0.0949809555	-0.0194126041	-0.0691117066	-0.0393404132	0.0177213008	-0.0081569534	-0.0379354384	0.1392619729	0.009951936	0.0169488978	0.0299567153	0.0599075899	0.0668543588	0.1278011994	0.0897410434	-0.1083227413	-0.059016937	-0.0039142082	0.0571354894	-0.0042199805	0.0343225554	-0.1138349732	-0.0548390417	-0.0517208038	0.0616128523	-0.0376652557	-0.1352965475	0.0705455963	-0.0082290948	-0.0383436314	0.0962661168	0.0619456398	0.0753319511	0.0123440132	-0.0037249081	-0.0214575328	-0.0613195448	-0.0730561717	0.0745479033	0.0508204641	0.0098338668	-0.0396490379	0.0181962286	0.0994508705	-0.0673891373	0.1218367709	-0.0488184326	0.0190374011	-0.1023982159	-0.1212145346	-0.115540452	0.0235123224	0.1031479792	0.0452477501	-0.0211794089	0.0066870971	-0.112632637	0.1166567739	-0.1084082184	-0.0233329367	-0.1141356518	-0.1287064072	0.0829076973	0.0399985856	-0.0389747307	-0.0714882142	0.0452505802	0.0064396251	-0.1977380397	0.0303996809	0.0315863578	-0.1181012076	0.0854185177	-0.0325705613	0.2227864638	-0.0072893393	0.1217309911	-0.0747276646	0.0109057912	-0.0968931473	-0.003658392	0.1599414883	-0.0867016433	-0.0369443577	0.0990528126	0.0210725071	0.0212410075	-0.0203947334	0.1015880948	0.0747318023	0.0793899515	-0.0168440092	-0.0103204284	-0.0435178674	0.0048637539	0.1527665973	1.27287e-05	-0.0942647078	0.0123941609	0.0244132717	-0.1301912907	-0.082940896	-0.1350407385	-0.0138299134	0.1005108468	0.0917871497	0.0073365105	0.0024182069	0.0353306644	0.0080214402	0.0187825914	0.0766932549	-0.0246076055	0.1007769743	0.1774843966	-0.0188601868	-0.0089878491	-0.0978054385	-0.1493923248	0.0837313581	0.1043267847	0.0566320783	-0.0558246585	-0.0430914864	0.0082737363	-0.0795129321	0.0205957366	0.1246224424	-0.0690246702	-0.0504318152	0.122020176	-0.1115193908	0.0471297317	0.0286792928	0.0221504858	0.0439155117	0.0600423294	-0.1775104796	-0.0279396006	-0.1153067779	0.0707557945	0.0939705762	-0.0275250016	0.0524451213	-0.1384320435	-0.0592094287	-0.089341834	-0.066038076	0.1924450407	0.1605424785	0.036557465	-0.0336606477	-0.0125320491	0.085740653	0.076251031	-0.0015701904	0.0416745839	-0.1230142243	0.0030873741	-0.1884373573	0.0807229545	0.1207982363	0.0456357102	-0.0139686452	-0.0955146681	-0.0293449202	-0.0862203464	-0.0399366806	0.0538616814	0.0072365372	-0.0892882726	0.0673481099	-0.040745039	0.0461176129	-0.0893928531	-0.0110055415	-0.1002367339	0.0325100797	0.0932621027	0.0330021	0.0069367	0.00108913860441	4.8117806890000006e-05	-0.0368347	-0.0350617499999999	0.0013567951240899	0.0012293263130624	0.242454	0.010109	0.000102191881	0.058783942116	-0.000155815	0.0004389799999999	1.9270344040000002e-07	2.4278314225000004e-08	0.000364848	0.0	1.33114063104e-07	0.0	-0.000233501	0.0	0.0	5.4522717001e-08	0.0
275.4430225019869	-0.192174530045122	0.0369310499980635	75868.85864503005	394.2199982532566	-0.5423392788374031	155409.40702279765	0.2941318933698744	288.74580497898023	-0.3240392999146024	83374.13989295928	0.1050014678891456	299.69055858129315	240.96454466983403	1.089633	21.250416	0.05932	0.0317938	0.0073992948	0.1392059977	0.10000278	-0.0056786217	-0.0874641547	-0.0199347753	-0.0611767669	-0.0169864229	-0.1458482432	-0.0659500597	0.0732819615	0.0391080541	0.1282651443	0.0137422124	-0.014294687	0.0029115039	0.1135256992	-0.0745378057	0.0567274942	-0.1281739451	0.0226677274	-0.003322144	0.0355013146	0.0461844879	0.0137773064	-0.0252958651	0.0386579962	-0.0109953494	-0.1008658268	-0.1235290016	0.0687502439	-0.0497343061	-0.024486204	0.1718751722	-0.0425143984	-0.0333779553	0.0103988447	-0.023854266	0.0456692978	-0.0840150356	0.0387994981	0.0694593657	0.0327856298	0.0315662252	0.0243251003	-0.0972119678	0.0589174673	0.0650092951	0.0093099413	-0.0235851884	-0.0841576006	-0.0596722878	0.0912364956	0.0445690289	0.0709551212	0.1064493928	0.0991324535	0.0688312429	-0.0233993443	0.0414530326	0.1069481305	0.1181233866	-0.0725270217	0.0308881748	-0.0719790659	-0.0313607035	-0.0403254841	-0.065507756	-0.0905023311	0.0101545772	0.0745482789	0.007953799	-0.0119772209	-0.1252694586	-0.0917973661	0.0638261526	-0.1309545311	-0.0216936024	0.037153844	-0.0589575516	0.1558264197	-0.0242467307	-0.0007889005	0.0497513457	-0.0287152784	-0.0136782897	-0.0555764309	0.1334427294	0.0455789378	0.0315979205	0.026749396	0.0437925331	-0.08087347	-0.0326712592	-0.0468301617	0.0239732211	0.065055955	0.011151056	0.0377652833	-0.0305921716	-0.0059651756	0.0626685502	-0.1442660321	0.0137860769	-0.0256791785	0.0948605464	-0.0258716377	-0.0517582975	0.065151499	0.1011749771	-0.0560313278	0.0418275364	-0.0750727248	-0.1411118856	0.0534045182	-0.0700107652	-0.103384352	0.0572837137	-0.032672374	0.0488297675	0.0308514284	-0.071485287	-0.0042338131	0.0276217863	-0.1451143713	0.1649174393	0.0325357287	-0.0260305002	-0.0459129824	0.0468375912	0.0214165991	-0.0821582208	-0.0075803095	0.0805547655	0.0355121962	0.0816188573	-0.0461955044	0.0896068684	0.0175936175	-0.11372814	-0.08708748	-0.0827288567	7.26608e-05	-0.0868335353	-0.0368598832	0.0545445241	-0.0986232105	-0.0284566788	0.0150281763	0.0141376151	0.003713324	-0.0653019786	0.0028077222	-0.0631307085	-0.0260424961	-0.0432134096	0.008725544	0.0069963038	0.0041074678	0.0049350734	0.0339347605	-0.0109600798	-0.0970966794	-0.0512937064	0.1082999932	-0.0539144507	0.0137898837	-0.0374764423	0.0619224367	-0.1026251882	0.0530614686	0.1395522254	-0.0253010742	0.0208614961	-0.0219681329	-0.0012291766	-0.0414709933	-0.014144677	0.0705248881	0.0322297703	-0.0031362697	0.0993595999	0.0747741147	0.0587118058	-0.1821153395	-0.0126905962	-0.0994583687	0.0372951309	0.090232103	0.0174511	-0.0155509999999999	0.00030454089121	0.0002418336009999	-0.0369188	-8.410000000000362e-05	0.00136299779344	7.0728100000006085e-09	0.25512	0.012666	0.000160427556	0.0650862144	-0.000556637	-0.000400822	1.6065827568400004e-07	3.098447497690001e-07	0.000145292	-0.0002195559999999	2.1109765264e-08	4.820483713599999e-08	-0.000233501	0.0	0.0	5.4522717001e-08	0.0
275.24281501118264	-0.2002074908042459	0.0400830393741322	75758.6072152801	394.3640701251969	0.144071871940298	155523.01980571123	0.0207567042843816	288.67974518685617	-0.0660597921240651	83335.9952811482	0.0043638961354746	299.62873184112425	247.2258340650473	1.211396	23.625067	0.07347455	0.0389661	0.0109377407	0.0887122703	0.0288893286	0.0121669597	0.066087456	0.12003936	-0.0996841507	0.0782111164	-0.0901235551	-0.0341566289	0.0546218303	0.0892823946	-0.0235520797	-0.0790996447	0.1090300117	0.1270076509	0.0073866109	0.0649893607	-0.0319304662	-0.1406792823	0.0473929814	-0.070594555	-0.1133487365	0.0036406789	0.0634525782	-0.0347484563	0.0343224069	0.0219497118	-0.0960604529	-0.0907516105	0.0072441768	0.0293787569	-0.0636735073	-0.1256446596	0.0212631485	-0.0590126177	-0.0467706362	-0.0365438671	-0.0233301513	-0.0186251031	0.0103152558	0.0257182108	0.0138970814	0.066615306	0.0862998968	-0.0790298902	-0.0421228731	0.0527393176	0.103745496	-0.0506060992	-0.0418532815	-0.0299155075	-0.0846937721	0.0208171222	-0.1247688183	0.0772733521	-0.0965308353	-0.0131312083	-0.1730950809	0.0321958141	0.0187685786	0.0572348282	0.0817534616	-0.1324329483	0.0675161726	-0.0229591377	-0.0521143867	0.0262856468	-0.0004470753	-0.0006961505	0.1106070195	0.008795308	-0.0374427558	-0.0781171338	-0.0370492708	0.0887521549	-0.0324069701	-0.0708616828	0.0145843405	-0.0832488094	-0.028016424	0.1131834659	-0.0070700602	0.0277153884	-0.1266073256	0.1331792716	0.0044589762	-0.0256092561	0.028975419	0.04151713	-0.0102784795	0.0242587882	0.0461597781	-0.0436957823	-0.0131887048	0.0013028689	0.1908194017	0.031609499	0.1120177932	0.0188092209	0.0770023337	-0.0058115713	-0.0556412903	0.0259187177	-0.0134165942	0.1205420702	0.0210609724	-0.0004057436	-0.0598484957	0.0116041899	0.0216248728	0.0364813698	-0.0043016803	-0.0327560972	-0.0024038648	-0.0452622152	-0.0537348407	-0.032594564	0.0015880749	0.0409393248	0.0321148096	-0.0701351832	-0.1493227442	0.0796202847	0.0587929905	0.1073666523	0.0007794455	0.0795919937	-0.0382620754	0.0252347459	-6.8436e-06	-0.0787749724	-0.0302581366	0.1507500916	-0.002326608	0.0151413137	0.0199774886	-0.0666665508	0.138142307	0.0961058018	0.0864697431	0.0729114068	-0.0347507353	0.027928625	-0.0148599872	-0.0632858337	-0.0296111382	-0.0069651145	0.041575004	0.1160236346	0.0507037593	-0.1641519918	0.0367737356	-0.0013954662	0.12475687	-0.068612545	0.0509877144	-0.0020673853	0.097684017	-0.0059833479	-0.1659837093	0.0275481407	-0.0064732233	0.1308218635	0.104619645	-0.0688204678	-0.0112529246	-0.0209795535	0.0768320899	-0.0447864047	0.0850292415	0.113967585	-0.0306810352	0.0195764591	-0.1269771725	-0.0113260307	0.0106108727	-0.0147419933	0.0210464835	-0.0367512916	-0.0506513794	-0.0226998881	0.033042843	-0.0593991989	-0.0720972037	-0.0143721814	-0.0985712473	0.0419884337	0.0868075413	0.0245544	0.0071033	0.00060291855936	5.045687089e-05	-0.0155563	0.0213625	0.00024199846969	0.00045635640625	0.28387	0.0287499999999999	0.0008265624999999	0.0805821769	-0.000662256	-0.0001056189999999	1.1155373160999989e-08	4.385830095359999e-07	0.000364848	0.0002195559999999	1.33114063104e-07	4.820483713599999e-08	-0.000233501	0.0	0.0	5.4522717001e-08	0.0
274.8843019031496	-0.358513108033037	0.1285316486315081	75561.3794327819	394.2643888646803	-0.0996812605166042	155444.40832683985	0.0099363536981791	288.3633360059085	-0.3164091809476872	83153.41355245648	0.1001147697879862	299.36197083321423	240.49725802819407	1.222093	23.833685	0.0679261499999999	0.0424585	0.0440178778	0.0957367397	0.0634186405	-0.090526154	0.0444079532	0.0043265466	0.0514525844	-0.0573188249	-0.1503437523	-0.0308637012	0.0222702918	0.1030703014	0.0811343516	-0.1050354078	0.007252321	0.0140498815	-0.0546939627	-0.0142966854	-0.036865973	0.0255249954	-0.0195183509	-0.0841395622	0.0513346797	0.0085713423	0.0055743169	0.0089969576	0.094020741	0.0906611821	0.0202767632	-0.023597776	0.0369522409	-0.024814823	-0.1701453049	0.0293485068	0.0060673019	-0.1012923967	-0.0562164828	-0.0165827706	0.0509434754	0.0909729803	0.077340084	-0.0286775031	0.0639406517	0.0288792559	-0.0107084551	-0.0353314386	-0.0495609768	-0.0390585014	-0.014556273	0.0571658245	-0.0042621986	-0.0562696877	-0.0205506718	0.0096680479	-0.0539330966	-0.0394650561	-0.08586895	0.0233533056	-0.0107537433	-0.011819787	-0.0329660123	-0.0551610377	-0.0341403452	-0.0481220803	0.0776672809	0.021633086	0.0333892804	-0.0218821186	0.0805700923	0.1472300655	0.0239083545	0.0378961469	-0.1312224281	0.0450848392	0.0216488224	-0.1411770073	-0.2076835449	0.1301809841	0.1017966553	-0.0282648555	0.0820325753	0.0699003011	0.0612498228	-0.0268447132	-0.0240823806	-0.0578454846	0.0549004582	0.0178052754	-0.0702309638	0.1195257857	0.1467711864	-0.0181228026	0.020279988	-0.015116845	-0.1975518501	0.0818372172	0.1248894632	0.071876437	0.0832689186	0.075929176	-0.0052763073	-0.0015207795	-0.0272070149	-0.0582105732	-0.0271574449	0.0282606323	0.0096327258	-0.0110124989	0.0302614545	0.0009695735	0.0754218486	-0.000180738	-0.0414848489	0.021337408	0.0629475946	0.0221401077	-0.1109192948	-0.0949420831	0.089525276	-0.0323193307	-0.0357894848	-0.0717873075	-0.1400384122	0.0315647649	-0.0695375063	0.1044684024	-0.0617093693	-0.0191892814	0.1160636479	-0.0163369235	-0.178327098	-0.0278953577	-0.0160846828	-0.0548950969	0.010829127	0.1638448748	-0.011288475	-0.0784231714	-0.0934522685	0.0412195269	-0.0679213352	0.1428787873	-0.0962642102	0.1337718866	0.0273198858	-0.0249584701	-0.1613353094	-0.0494601957	-0.2223408031	-0.0236752904	0.0034572225	-0.0718901617	-0.0571894966	-0.04566143	-0.0478561635	0.0517015329	-0.0409630578	0.1455228842	0.0333617995	-0.0077752008	-0.0529160095	0.0363410617	-0.0616380515	-0.0475655087	0.1261480239	-0.0467065803	-0.0565458895	-0.1204095783	-0.0379138821	0.030684947	0.0576514462	0.1274927379	-0.0462682939	0.0340351917	-0.0670253828	-0.0197653421	0.0360814109	0.011539207	0.0188981744	-0.0111725345	-0.0998056531	-0.0067326408	-0.0661869418	-0.1175994781	-0.0087767546	-0.0160498375	-0.0975763397	0.0465784425	0.0830033923	0.0257757	0.0012212999999999	0.0006643867104899	1.4915736899999952e-06	-0.054979	-0.0394227	0.003022690441	0.00155414927529	0.291684	0.0078139999999999	6.105859599999981e-05	0.085079555856	-0.000272893	0.0003893629999999	1.5160354576899996e-07	7.447058944900001e-08	0.000364848	0.0	1.33114063104e-07	0.0	-0.000233501	0.0	0.0	5.4522717001e-08	0.0
274.72244022773003	-0.1618616754195727	0.0261992019696311	75472.41916467871	393.90140096901786	-0.3629878956624566	155158.31368535498	0.1317602123974584	288.61556514491446	0.2522291390059763	83298.94444391836	0.0636195385636961	299.6123501736614	242.64418720613185	1.062754	20.726208	0.1269602799999999	0.0652681	0.0457088407	0.0825369375	0.0217275747	-0.0841872668	0.0620942305	0.1503933976	-0.0479904008	-0.0364282633	-0.1014731585	0.0345705601	-0.005081056	0.0942701996	0.0249505548	0.0213804322	0.0184881729	-0.0574831441	0.1208205374	-0.0005223824	-0.0934584174	-0.068907899	0.0125991102	0.016174666	0.1312608159	0.1354724484	-0.0897245378	0.0831963072	0.1386165325	0.0033774701	0.1206399444	0.1680190286	-0.0178959296	0.0388558489	-0.1644028726	-0.1357868705	-0.0320955815	-0.0838650539	0.033281876	-0.1313562815	0.0576074826	-0.1598109449	0.0179980457	-0.001997333	0.0721045606	-0.00079509	0.0729365834	-0.035795852	0.0756574319	0.014282491	0.0001707861	-0.0771875805	-0.0120638943	0.0519270407	-0.1526103401	-0.002758892	-0.0117295918	0.010214552	-0.0018593735	0.0319319265	0.1102507401	0.2250413108	-0.1144224933	-0.0068753714	-0.0024939089	0.0518249887	-0.0326791505	0.0063982018	0.0189930482	-0.040937241	-0.0447836918	0.0415874946	0.0608264428	-0.0374038744	-0.1135305257	0.1255644235	0.0140841458	-0.1533367259	-0.0529854848	-0.0862342145	-0.0411310139	0.115823133	0.0044906446	-0.0361194241	-0.0064138093	-0.1068866146	-2.4146e-05	-0.065143398	0.0862882304	0.0207737667	-0.1766705033	0.0525008076	0.0332781713	-0.131327899	-0.0148474295	0.1057148294	0.0798252882	-0.0094777691	0.0234878993	0.0841341625	0.0183097	0.0476515907	-0.0611603684	0.0672206346	-0.0897155254	0.0210655769	-0.1532535972	0.0524343113	0.0362223613	0.0643926114	0.0200255795	-0.0477403758	0.075806621	0.05383059	0.0253994213	-0.1215155267	-0.153687722	-0.0664600162	-0.0893532669	-0.0748240259	-0.034626896	0.0088383193	-0.0770068038	0.0368844025	-0.0474634824	-0.0871628101	0.1277854294	-0.0779479442	0.1183594662	0.0645925496	0.1275446451	-0.0221532403	0.0174386274	0.0849231769	0.0956361019	-0.0253980874	0.0965798749	-0.0462997673	-0.0446901649	-0.0351662309	-0.0738840266	-0.1068725096	-0.0175318283	0.0223343321	-0.0240419797	0.0832219696	0.0304443699	0.004692636	-0.0437455763	0.022692415	-0.1752853747	-0.0886963757	-0.1193546077	-0.0317798888	-0.0712334592	0.0050291017	0.0459088222	-0.0026227457	0.0830129736	0.0832833785	-0.033439488	-0.0736993104	0.0254601532	0.0652372347	-0.1025093504	-0.001916186	0.1049763389	-0.0782314173	-0.0965946214	0.0868005727	-0.0236175428	0.0863210359	-0.013837248	0.1085176039	-0.0228935089	0.037553931	0.0609658642	-0.0112173961	-0.022544641	-0.0583312602	0.0101409598	0.0055147614	-0.0181381768	0.0761941763	-0.0697266192	-0.0711762223	0.0151532854	-0.0177231056	-0.0964747338	0.0510538654	0.0788362905	0.0072223499999999	-0.0185533500000001	5.216233952249856e-05	0.0003442267962225	-0.00911217	0.04586683	8.303164210889998e-05	0.0021037660942489	0.32627	0.034586	0.001196191396	0.1064521129	-0.000501279	-0.0002283859999999	5.216016499599998e-08	2.51280635841e-07	0.000364848	0.0	1.33114063104e-07	0.0	-0.000564197	-0.000330696	1.0935984441600001e-07	3.183182548090001e-07	0.0
274.6525448824733	-0.0698953452567252	0.0048853592885568	75434.02041041902	393.55455511387305	-0.3468458551448066	154885.18785087854	0.1203020472311321	288.2879700614036	-0.3275950835108574	83109.95368212473	0.1073185387404856	299.10085123752305	241.19791689506707	1.074411	20.953545	0.06869043	0.0353619	0.0471191167	0.0257053254	0.013188431	-0.1092354279	0.1134048361	0.0604513759	0.1720223525	0.1404026454	-0.062954197	0.0555997261	0.0121774568	0.1207429695	-0.1676853919	-0.1221997959	0.0391981237	0.0455031129	0.0619423227	-0.0015194051	-0.1279152646	-0.1312780982	-0.083491095	-0.016646864	0.0184753621	-0.0602647596	-0.0721175024	0.0136252791	-0.1339931402	-0.0869480655	0.0361555112	-0.0044681586	0.0409814601	0.0112737121	-0.0343748752	0.0817707205	-0.0902729254	-0.0756901962	-0.0867637747	1.30391e-05	0.0217717507	-0.0326115739	0.0011548644	-0.002975652	-0.0125520534	-0.1347538462	0.0670797702	0.0681789293	-0.0413804833	-0.1073719852	0.0688417728	-0.0577401208	-0.0569048434	0.117138761	-0.1019966345	0.0120762109	0.0556762239	0.0650852499	0.0549773257	-0.0828769187	-0.08871508	-0.1102584286	-0.0147147992	-0.0293228151	-0.0593238935	0.0573877679	0.0882111081	0.0032200608	0.0215527318	0.015105156	0.1422505068	-0.0217052939	0.0676298716	-0.0506414583	-0.00415034	-0.0730309565	0.0739518175	-0.0894391563	0.0484919821	-0.0802072206	0.1785417561	0.053170665	0.0094985164	-0.0738815533	-0.0418671363	-0.0250307081	0.0957659866	-0.1394954869	0.0633994329	0.0122717768	-0.1179424843	-0.1031549463	-0.0053441636	-0.0037404742	-0.0317646493	-0.1079391966	0.042626152	-0.0260571716	0.030304625	0.0743254816	0.0837398278	0.112786778	0.0545936067	-0.0313972185	0.0327968707	0.0815782829	-0.0970970109	0.0058372873	-0.0552913145	0.0736558804	-0.1094320042	-0.0387916653	-0.0595179809	0.0049367948	-0.1430022418	-0.016177239	0.0710545036	0.0102385638	0.0325005755	-0.0033715033	0.0987644682	-0.1398989157	0.1000080323	0.0039941407	0.0139455714	0.0839649049	-0.0404677678	-0.0967697158	0.0023862247	0.1365675071	0.0630936134	0.0482640067	0.0077251181	0.1320368299	-0.0637952125	-0.0484701425	-0.0270817612	0.0441492698	0.0214465574	0.0076306942	-0.0605411638	0.0670523163	0.0222029323	-0.0385211462	0.075301922	0.1165775494	-0.0197180672	-0.0634654267	-0.0459253255	0.0621324971	0.0213207614	-0.0308146283	-0.1199247795	0.0376475265	0.048875814	0.1121957808	0.0068493095	0.0200212864	0.0368486432	0.0502610508	-0.1351412617	-0.0858456837	0.0732976331	0.081953835	0.0017704537	0.1163678612	0.0943871366	-0.0402481863	-0.1321509772	-0.0147659672	-0.1188846456	0.0481849534	-0.0141307656	0.1199088769	-0.0216475369	0.0428970472	0.0507332374	0.0185055238	0.0180032222	-0.0241137209	0.0409036658	-0.0732837261	0.0572224495	0.0469602051	-0.0854532662	-0.0200678986	0.0169894951	-0.0193915285	-0.0952676342	0.0554036926	0.0743244578	0.0071562	-6.614999999990032e-05	5.121119844e-05	4.375822499986812e-09	-0.0369016	-0.02778943	0.00136172808256	0.0007722524197249	0.320401	-0.005869	3.444516100000016e-05	0.102656800801	-0.000310067	0.0001912119999999	3.6562028943999984e-08	9.614154448900001e-08	0.000542257	0.000177409	2.94042654049e-07	3.1473953281e-08	-0.000233501	0.000330696	1.0935984441600001e-07	5.4522717001e-08	0.0
274.6847444975507	0.0321996150773884	0.0010368152111319	75451.7088596847	393.1271238657313	-0.4274312481417723	154548.93551894202	0.1826974718880333	288.3434088020045	0.0554387406008913	83141.92139955988	0.0030734539594129	299.2624649504852	239.305801138781	1.042651	20.334148	0.03306397	0.0193231	0.034120845	0.013003716	0.0607634982	-0.1727278954	0.0403998598	0.0157117315	0.1114348883	-0.0144520055	-0.0523894403	0.0461086727	-0.0867574326	0.1132141113	-0.0568918618	-0.0026871211	-0.0527593618	-0.029457136	0.0338539137	-0.0641862141	0.0545136648	0.0338915458	-0.184965906	-0.09343525	0.0016592418	-0.0137057709	-0.0270720751	0.1016674293	-0.0559325751	-0.0091182146	0.0230522372	-0.0685684751	0.0270202041	0.0235113529	0.0603841606	-0.0207481186	-0.0558343806	-0.1293849101	-0.1146757757	-0.0557691998	0.0678039769	-0.0395819835	0.1543573601	-0.0128762316	-0.0168255411	0.0271134691	0.0932603226	-0.0154637255	0.178717402	-0.0068016379	-0.0108908278	-0.0621155189	-0.1401993292	0.0779624474	0.0126567651	0.0354005799	0.0238864296	-0.0206831118	-0.0769388329	-0.0806040694	0.0799721071	-0.0840974709	0.1032053033	-0.0549568699	-0.0474225634	-0.027212089	-0.0474224111	-0.018379344	0.0710039487	0.0003137511	0.0714775917	-0.005127633	-0.0991113956	-0.0130567968	-0.0344646826	-0.0640442404	-0.0537381473	-0.0209762399	0.0657507474	-0.0281461766	0.0250451111	0.0163558932	0.0861841564	-0.1084887933	-0.1299400948	-0.0120816667	-0.0312480149	0.0254867753	-0.0362919714	0.028532361	-0.0802915859	0.0990323047	-0.0455431899	0.0006734973	-0.0336276625	-0.1074333138	-0.0304346658	0.1151732285	-0.065646556	0.0747268655	0.0667016423	0.1501689932	-0.073633411	0.0074539274	0.0029114081	-0.0889010777	-0.0762258245	0.0678172043	-0.0484737504	-0.0120490441	-0.038534674	0.1251437224	-0.0668152246	0.0965911195	0.0531472097	-0.1359262677	-0.0246133088	0.0564789487	0.0163973085	-0.0191939541	0.0385699477	-0.0664740698	0.0933777293	0.0198910479	0.0387799601	-0.0399740697	-0.1554366217	-0.0379740597	0.0675275884	0.0168493793	0.1029254414	-0.0771235897	-0.1157282696	0.0332628747	-0.0646303068	-0.0175797498	-0.0035710941	-0.0069575633	0.032297922	-0.0439465941	-0.0078788525	0.0298830413	-0.0366688224	-0.0433345774	0.0923361286	-0.1073693524	-0.0261381216	-0.0976208088	0.0002798724	0.111835241	0.0110806076	-0.0280444106	0.0064121741	0.0177790398	-0.0231678778	-0.1123976634	-0.0218479015	0.0810841028	0.0201745003	-0.066066984	-0.0361859919	-0.0381426902	0.1330055168	0.0579414201	-0.064437939	-0.013686143	0.0452841641	-0.0151716791	-0.1516939767	-0.0343089848	-0.1737280075	-0.0076212454	0.0097973228	0.0690056455	0.0028293004	-0.0341355965	0.0250832481	0.0063724327	0.0449446231	-0.0186877944	0.0510930156	-0.0195690878	0.1687018217	-0.0171378118	-0.0078001768	-0.0822510385	-0.0674669498	-0.0210546499	-0.0939563609	0.0596172234	0.0694876231	0.00715088	-5.319999999999631e-06	5.11350847744e-05	2.830239999999607e-11	-0.0368384	6.319999999999937e-05	0.00135706771456	3.99423999999992e-09	0.310932	-0.009469	8.96619610000001e-05	0.0966787086239999	-0.000106198	0.000203869	4.156256916100001e-08	1.1278015204e-08	0.000587909	4.5651999999999976e-05	3.45636992281e-07	2.084105103999998e-09	-0.000454509	-0.000221008	4.884453606400001e-08	2.0657843108100005e-07	0.0
274.9408395765898	0.2560950790390848	0.065584689508035	75592.46526708007	393.4359860018228	0.308862136091534	154791.87508122652	0.0953958191110252	288.5571354717573	0.2137266697528161	83265.2204316661	0.0456790893636293	299.58827448281323	244.2668832391448	1.03702	20.224337	0.0867897499999999	0.0579215	-0.0014327209	-0.0043795019	0.0052577131	-0.1055001223	0.0358696251	0.0721925436	0.0493192243	-0.0756254157	0.0023044916	-0.0103233448	-0.0850714565	0.0614282963	-0.026736839	-0.0141622145	0.0575174137	0.0120916681	0.1173298782	-0.0975570738	0.0690345567	0.0359900692	-0.1526631841	-0.0663438204	0.0367899111	0.0304373488	-0.0623275431	-0.0246981991	0.0391947074	0.0384216081	-0.0291724308	0.1069836564	0.0350451199	0.0127892346	0.1204339614	0.0115520944	0.1298893002	-0.0096864259	-0.0062194634	0.0532871243	0.037009479	-0.0838131109	-0.0279994142	0.0962313599	0.051428293	0.0644384505	0.0833363617	-0.0035931983	0.1045028662	-0.0048225718	0.1392345684	0.0890457074	0.0042640737	-0.0280419062	-0.0483206074	0.0047779516	0.0521317582	-0.0734585473	-0.052424526	0.0139890369	0.0050969026	-0.113157239	-0.0340218064	0.0578440094	-0.0585581078	0.0126166467	-0.0098609871	0.0920506854	-0.0922858835	-0.0351746852	-0.101418682	-0.0400881451	0.1110135408	-0.0527834594	0.0741640658	0.0412593841	0.0109713988	0.0071759288	-0.0305647245	0.0109063715	-0.0483556051	0.007670338	0.1142438102	0.0058883894	-0.0832257334	0.0655069759	0.0967360529	0.0995730652	0.0293208745	-0.0607273187	-0.011239157	0.0418538	0.049077921	-0.0723662708	-0.0015720852	0.0004743141	0.0541325958	0.0214668784	-0.064204773	-0.0039083074	-0.0251238639	0.0598794819	0.004978868	0.0345302008	-0.0913667793	0.0634320264	-0.0442823007	0.0809601641	0.0681841016	-0.0753813188	0.0159430039	0.0327787901	-0.0974230096	0.0479330187	0.050514392	0.1092250966	0.0195834985	0.0197220616	0.0257278784	-0.0846870886	-0.0213375728	-0.1097210783	-0.0618223575	0.0559272133	-0.0041920283	-0.016943711	-0.0670962311	-0.0066204676	0.0100173986	0.0189638618	0.0241682908	0.0963827693	0.1400458718	-0.0490696603	-0.0320691387	-0.0182561184	0.0205422808	-0.0142486855	-0.0885476011	-0.0082098818	0.0674741312	-0.1413917085	0.0633924881	0.0138055259	0.0670289654	-0.108371821	-0.0362701431	-0.0041114347	-0.0409770616	-0.0187996214	-0.0353175113	-0.0270372018	-0.0075458837	-0.1008631607	-0.0612421296	-0.0872421816	-0.0201246656	0.0805919734	-0.021823526	-0.1017797534	-0.1046875907	0.0553171968	0.1333429698	-0.0058151902	-0.0921500234	-0.0093524495	0.043535031	0.0213943937	-0.1781567973	0.0615921195	-0.0724727363	-0.024544022	0.0067677132	0.0540631731	0.0305237913	-0.0391266898	0.0867726309	-0.070736156	0.0963251428	0.0502478213	0.0350458844	0.0483050466	0.0801951579	-0.074199457	0.065336422	-0.0730432191	-0.0560511933	-0.0227120151	-0.0925423476	0.063684092	0.0643469367	0.00715108	1.999999999996796e-07	5.11379451664e-05	3.9999999999871845e-14	-0.0244578	0.0123806	0.0005981839808399	0.00015327925636	0.254569	-0.0563629999999999	0.0031767877689999	0.064805375761	-0.000217603	-0.000111405	1.2411074025e-08	4.7351065609e-08	0.000543444	-4.4464999999999934e-05	2.9533138113600005e-07	1.9771362249999943e-09	-0.000659558	-0.0002050489999999	4.204509240099998e-08	4.35016755364e-07	0.0
274.9331632415202	-0.0076763350695614	5.892612010017893e-05	75588.2442499884	393.02394793664905	-0.4120380651737605	154467.82365170983	0.1697753671521361	288.4247566116219	-0.1323788601354181	83188.84022647333	0.0175241626107525	299.43617207318647	240.52241241265145	1.087628	21.211311	0.0677378999999999	0.0383868	-0.0451050593	-0.0686053944	0.034752864	-0.1595420562	-0.0628486602	3.69715e-05	-0.0027915318	0.1018577672	0.0539931657	0.0093248726	-0.0521760307	0.1501788941	-0.0723639357	-0.021252888	0.007731635	0.0542029346	0.0698291209	-0.019041217	0.0154057198	-0.0862228418	0.017199359	-0.0164079847	0.0607932815	0.004568636	0.0372322739	0.1049970731	-0.0552184514	0.0674156717	0.0012501896	0.0802432467	0.1289351798	0.0157608862	-0.1178978848	0.0399066663	0.0660587563	-0.0306011018	0.0136449364	0.0936647227	-0.037116316	-0.0610259896	-0.0205206044	0.0959015854	0.1190968112	0.0193468883	-0.0139387433	-0.0458363043	-0.0563243252	0.2545559955	0.1086984588	-0.0918724548	0.0493512145	0.0508436245	-0.0455114162	0.2965119824	0.0572465374	-0.1321843759	-0.0028069822	0.0969633788	0.0596895653	-0.0157452927	0.0178248588	-0.0785307691	0.071514352	-0.0462258864	0.05050527	-0.0564797623	-0.1037687969	-0.0821713924	0.0325334537	-0.0125279772	-0.0650350923	-0.0176296534	0.0445056999	0.0287089114	0.1588715621	0.0525990278	-0.0151916464	-0.0026577009	-0.0669095466	0.0026969586	-0.066397377	-0.117231298	-0.0326674637	0.0733897725	0.0174227307	-0.0180549489	-0.0299449214	9.44717e-05	0.0819847141	-0.0781298762	0.0113979039	-0.0330208995	0.0016459506	0.0422422168	-0.0444449863	0.0084982655	0.0333001025	-0.000243826	-0.0508360359	0.1132211361	0.1419276231	0.0561162659	-0.0332464522	0.0042670658	-0.0095029406	0.0768529757	0.0991729564	0.0241906064	0.0999757489	-0.0944972879	-0.1134568349	0.0814494016	0.2316581386	0.0423133078	0.0422476919	-0.1697191303	-0.0943954021	0.0947065984	-0.0108001242	-0.0717123563	-0.1008292697	0.0640361499	-0.0864400079	0.1190778671	0.0169055372	-0.0507494787	0.1305870098	-0.176952513	-0.0901896359	-0.1125835113	0.0696327308	0.0851273284	-0.0343241852	0.0121242753	-0.0022682823	0.0886529224	-0.0279163657	-0.0431156298	-0.0227987607	0.0630149411	-0.1064813048	0.0059508321	0.0105940973	0.0570250381	0.0311599213	-0.0173577059	0.1147009472	-0.0344705813	0.0284775792	0.0204982498	-0.0806138603	0.0450346475	-0.0781321544	-0.0580507556	0.0630073996	-0.0125894138	-0.0668204063	-0.0617491676	-0.0123861886	0.0051273841	-0.0874284362	-0.0115084728	-0.0648230636	0.1263541873	0.0203810617	0.0612820143	-0.1679233003	0.0278374081	-0.0073904043	-0.0692030043	0.0296559417	0.0183800832	0.1248504927	-0.0092102928	0.0918120861	-0.0147038828	0.0774287853	0.0259921864	-0.0010189663	-0.0570211747	-0.0548951998	-0.0479845675	0.0392497452	-0.0020085762	0.0054474162	-0.0243631711	-0.0910271406	0.0675942939	0.0589248775	0.00413985	-0.00301123	1.7138358022499997e-05	9.0675061129e-06	-0.00343088	0.0210269199999999	1.17709375744e-05	0.0004421313646863	0.238179	-0.0163899999999999	0.0002686320999999	0.056729236041	0.000214446	0.000432049	1.86666338401e-07	4.5987086916e-08	0.00060292	5.947599999999993e-05	3.6351252640000004e-07	3.5373945759999916e-09	-0.000714228	-5.467000000000005e-05	2.9888089000000043e-09	5.10121635984e-07	0.0
275.1606035779961	0.2274403364758654	0.0517291066562549	75713.35776140711	392.8119380436638	-0.2120098929852361	154301.21866961918	0.0449481947236112	288.67893957963514	0.2541829680132537	83335.53015682264	0.0646089812280267	299.5326840198828	244.9334497822105	1.052817	20.532404	0.079983247	0.0449202	-0.0548419874	-0.0554905123	0.0351303048	-0.1087846448	-0.0341947231	0.0050310744	0.0903778453	-0.065648316	0.0534193179	-0.010675724	-0.0557848142	0.0534502271	-0.08419937	0.0467671586	-0.0092621415	0.068765472	0.0549194808	0.1174331119	0.0772127596	0.024264071	-0.0471022759	0.059105091	0.0476374908	0.003494187	0.0934174522	-0.0843789138	0.0766322486	0.04835953	-0.0920212978	-0.0167674371	0.0214534531	-0.0304397392	-0.0255419339	-0.025415762	0.0663052431	-0.0117781261	0.0532228663	0.0015777425	0.0289296397	-0.0529540639	-0.0112516213	-0.0319724558	0.0760851947	-0.0241795857	0.030368906	-0.089307408	0.0523406737	-0.0059745481	0.2141882632	-0.0562363191	-0.0064048672	-0.0119332486	0.025076277	-0.0391561162	0.1451144047	-0.056561644	-0.0006737405	0.0082693877	0.0676226452	0.0388631544	0.0048712116	0.0341279171	-0.0156266267	-0.1142645843	0.0167135173	-0.0120081148	0.0044432533	0.0770137019	-0.0358662084	0.0556444333	0.0334132878	-0.0136758642	0.002065416	-0.1528712578	0.0270210723	0.0340313915	-0.1415549204	-0.0409964551	-0.0031134886	-0.0823355959	-0.1964227233	-0.0039129408	0.0392228917	-0.1100534496	0.0587986431	0.0720145954	-0.1997408123	-0.0021467944	-0.0804654932	-0.0347360532	-0.0397376427	0.0149311327	0.1002071788	0.0665416473	0.0503341467	0.0216462624	-0.1482473339	0.0011775816	-0.0855960592	0.0343841285	-0.0375175855	0.1073131077	-0.0542802501	0.005771754	-0.0157751731	0.0482463329	0.0673316341	0.032937422	0.0745791778	0.0375628915	-0.0259415233	-0.1148745851	0.0281134672	-0.0675810633	0.1028878174	-0.1400692908	0.0313142551	0.083897488	-0.0669653288	-0.1675455846	-0.0199898403	-0.0650914911	0.0174053491	-0.1166647415	0.0252790031	-0.001111938	0.0616549048	-0.0374430978	0.0061950692	-0.0520800063	0.0037553904	-0.1191226326	-0.057105826	0.0544654222	-0.022289702	0.0562313605	-0.0074195702	0.001549841	-0.0571861453	0.1060401683	0.1554166469	0.007775813	0.1011884239	0.0517015322	0.1070939355	0.0331755026	-0.0833656127	0.0898334426	0.0047550562	-0.1092961438	-0.0288620541	-0.0316158695	0.1263786807	0.0077201161	0.1083174698	-0.0363799729	-0.0356209185	-0.0120635937	-0.0449506934	0.1411684849	-0.0299376758	-0.0257606733	-0.0943216692	-0.0313040711	0.008223364	0.1201524946	-0.161028213	-0.0527485636	0.0261411002	-0.0571874864	0.0348519322	-0.067743091	0.1146912843	-0.0142554966	0.1204373953	0.0526305477	0.0852239854	-0.0002111211	0.045155241	0.0134939901	-0.0179210002	0.084812065	0.0157661856	-0.0026680759	0.0145308692	-0.0260076665	-0.0894123968	0.0713382097	0.0532451548	-0.000682077	-0.0048219269999999	4.6522903392900004e-07	2.3250979993328992e-05	-0.0446995	-0.04126862	0.00199804530025	0.0017030989967044	0.23156	-0.006619	4.381116100000018e-05	0.0536200335999999	0.00048193	0.000267484	7.154769025600001e-08	2.322565249e-07	0.000823487	0.000220567	6.781308391690001e-07	4.8649801489000037e-08	-0.000656805	5.742300000000002e-05	3.2974009290000023e-09	4.31392808025e-07	0.0
275.0311560194525	-0.1294475585435748	0.0167566704128922	75642.13678139643	392.671319237092	-0.1406188065718083	154190.76495139822	0.0197736487616796	288.5347636666309	-0.1441759130042328	83252.30984415855	0.0207866938906041	299.30319032490394	243.6787865459604	1.038285	20.24901	0.076967613	0.0405281	-0.0676904606	-0.0787234412	0.0438318962	-0.0766191614	-0.0422498924	0.0117848562	-0.0232964283	-0.0144226253	0.087700799	0.0369055788	-0.0249777064	0.0709490749	-0.0311223426	0.0809677442	-0.0453812386	0.0763404427	0.0819994905	-0.0515822124	0.0837570377	0.2169626188	0.023671747	0.0771858213	-0.0008435704	-0.0506673429	-0.025165474	0.0773392488	-0.0127181671	-0.0530813123	-0.1561197536	-0.0221005001	0.0466468412	0.0760183993	0.0299832313	0.0661589893	0.0938309362	0.033745198	0.0257617793	0.078984679	0.036814347	0.0044238863	-0.019727949	0.0267395472	0.1082469769	0.1750880273	0.1005190973	-0.0238871645	-0.0235667539	0.0233149589	0.0078192147	0.0389176617	0.0207316306	0.0172766714	-0.1295759719	-0.024501126	0.0461851778	0.0632253127	0.1099273349	0.0168257232	-0.0343309812	0.0511246128	-0.1479549557	0.0797819011	-0.0480783502	-0.0675513913	-0.0665936493	-0.014770694	0.0945226492	-0.1145861248	0.0220735621	-0.0005052982	-0.1570315624	-0.0102096304	0.0525005137	-0.1042587211	-0.0030116122	-0.0855400204	0.0093688732	0.063403547	-0.024805853	-0.0450962956	0.048449927	0.1149190102	-0.0197865807	0.0123775068	-0.0089242443	-0.0137679304	-0.0175649988	0.0206745392	-0.0398637241	-0.011219079	-0.0821725999	0.0076925043	0.0954436761	0.0865563731	0.0224406241	-0.0426699949	0.0536057951	-0.0332762024	-0.1075935547	0.0107153402	-0.0144538283	0.0585195301	-0.0207741896	-0.0285829006	-0.0286782509	0.0247033062	0.1389132078	-0.0808272196	0.0004106643	-0.0081802576	0.0458048367	-0.0865490225	0.1167770782	0.0331112143	-0.0194145401	-0.0617820571	0.0498167914	-0.0948924822	-0.0932212562	-0.0554846727	0.0498704648	-0.0557752354	0.0910042413	-0.0145735405	0.1257144631	0.0357892446	0.1181573315	0.0400705494	-0.0492007797	0.1199985402	0.0177081696	0.0196086988	-0.0721270384	0.0443618011	-0.0197152588	0.0159389986	0.0848948938	0.019595286	-0.1714136231	-0.040486894	-0.0139687241	0.0675377037	-0.1219765138	-0.0823950117	-0.0518475903	0.0416441802	-0.0184303343	-0.0325397838	-0.0307275186	0.0481737653	0.0714210326	0.0757679552	-0.0485000666	0.0702794115	-0.0003367468	0.0986421535	0.0624039392	0.0876542711	0.0972541517	-0.0137045787	0.0318743511	-0.016220668	-0.1264369338	0.0276821709	-0.0053111814	0.095413236	-0.1643326558	0.1035390968	0.0900175639	-0.0149281477	0.0072894706	-0.0530850478	0.1212461362	0.0202664876	0.1629534312	0.0278311985	0.0600010162	-0.0443492435	0.0076501525	-0.043131048	-0.0185014843	0.1356256088	0.0062232417	-0.0113556759	0.0122743323	-0.0276450517	-0.0876998819	0.074906629	0.0473326046	-0.00767314	-0.006991063	5.8877077459600006e-05	4.887496186996901e-05	-0.0106217	0.0340778	0.0001128205108899	0.00116129645284	0.247359	0.015799	0.000249608401	0.061186474881	0.000299668	-0.0001822619999999	3.321943664399999e-08	8.980091022400002e-08	0.00098072	0.000157233	9.618117184e-07	2.4722216289e-08	-0.000719305	-6.250000000000006e-05	3.906250000000007e-09	5.173996830250001e-07	0.0
275.10821842250255	0.0770624030500357	0.0059386139638461	75684.53184360337	392.65430352943287	-0.0170157076591408	154177.402080184	0.0002895343071413	288.70557091719456	0.1708072505636551	83350.90667862326	0.0291751168451152	299.50320878501054	244.2897538486579	1.065485	20.779459	0.13918506	0.0797877	-0.0796977459	-0.0666636784	0.0172882151	-0.0665686068	-0.1273197977	0.0854950657	0.0086915681	0.0407212983	0.0983889594	0.010295553	-0.0787025609	-0.0136579443	-0.079517568	-0.0868271181	-0.0602122328	0.0228695315	0.051751004	0.0183288428	0.0102210327	0.0005912848	0.145892269	0.0463326564	0.141909232	0.0387193443	0.0831190899	0.0126797367	0.0165976116	-0.0094092607	0.0196914288	0.0033392952	0.0470575006	-0.0225429124	0.0365525422	-0.0493106961	-0.0058305225	0.0759966345	-0.0183677401	0.1113394746	0.0272151244	0.1113859633	-0.0857731005	-0.150318064	0.0788799436	0.0298425886	0.0988771649	0.0036270512	-0.0756964787	0.0318491178	-0.0251726735	0.0625640474	-0.1279683785	0.083058229	-0.0536479821	0.0171200428	0.0840388628	0.0332617063	0.1301003928	0.0725450079	-0.0265157756	-0.0706638183	0.0107385567	-0.0308426994	-0.1330928925	0.0513959512	-0.0468576526	0.0528383748	-0.0551735411	0.0680247416	0.1465912612	-0.105529727	-0.0221661954	0.0910122688	-0.0661951011	-0.0067895085	0.0083492814	-0.1093126692	-0.0065023479	-0.0904423105	-0.0300496076	-0.1252156599	-0.0636611092	-0.0106497561	0.012176213	-0.0704147424	-0.1617704813	-0.0012689985	-0.0592101716	0.047537912	0.0885297127	-0.1214467131	-0.0281162918	-0.0140149846	-0.0494368809	0.0827465619	0.1263688512	-0.0101707101	0.0253814017	-0.0581903821	-0.0736865969	0.0498958421	-0.0014869588	0.0489997488	0.1062373193	0.0022683758	0.0544667802	-0.1008550831	0.2114689282	-0.0177779947	-0.0636079831	0.025805831	-0.0028987818	0.0154640811	-0.011507215	-0.0104301065	0.0649004031	-0.033356999	0.0048132446	-0.0924122879	-0.0490408135	0.0648232642	0.105343256	-0.0099183388	0.0620128139	0.0989292314	-0.0536456588	0.129111787	0.1552231989	0.0165147833	-0.0079467145	-0.0234514369	-0.0712984021	-0.0496011581	-0.1149027997	-0.1129719696	0.0176833743	-0.0288561285	0.051445336	0.1311563111	-0.0922432506	-0.0491778992	0.0124541474	-0.0041399621	-0.021622593	0.1312455951	0.070554367	0.0523128493	0.0284241845	0.0897646927	0.1158147514	-0.0654858018	-0.1651479333	-0.0646122641	0.0533569505	-0.115109516	0.0402191876	-0.049271852	0.0678720737	0.1214786749	-0.0034667453	-0.0474303788	0.0408589642	-0.0731556594	-0.028921991	0.0806043268	-0.0037830894	0.172437603	-0.0667797647	-0.1299793155	0.1104222451	0.0256543255	-0.0229672724	0.0013734197	0.0745547225	-0.2353718249	-0.0170093132	0.0029941728	0.1634848105	-0.0662236757	0.0650139711	0.0073648317	0.0207648693	-0.0598871413	0.0437942614	0.0183553934	0.0007813785	-0.0292748789	-0.0858914684	0.0782907735	0.041213081	-0.00597833	0.00169481	3.57404295889e-05	2.872380936100002e-06	-0.0297572	-0.0191355	0.00088549095184	0.00036616736025	0.190601	-0.056758	0.003221470564	0.036328741201	0.00107879	0.000779122	6.070310908840001e-07	1.1637878641e-06	0.000590407	-0.000390313	3.4858042564900005e-07	1.52344237969e-07	-0.000656805	6.250000000000006e-05	3.906250000000007e-09	4.31392808025e-07	0.0
275.4352172026458	0.3269987801432421	0.1069282022151684	75864.55887546866	392.91998154681977	0.2656780173869038	154386.11189875318	0.0705848089226359	288.5850446690466	-0.1205262481479394	83281.32800663564	0.0145265764926186	299.323075812702	245.40891858156408	1.125583	21.951523	0.0571467	0.0282264	-0.0523063941	-0.0019844877	0.0065982904	0.0729666009	-0.0251885802	0.0950221801	0.0375868373	-0.0190221543	0.0513634465	-0.0034961017	-0.0534023746	-0.0578024871	0.0917092119	0.0729952503	0.0676951447	-0.0344451299	0.2264845334	0.0784374283	-0.1277227751	0.0166359533	0.1292289596	0.0594543445	0.1381142337	-0.0051118009	-0.0319434631	-0.0378773584	0.1322824112	-0.000966082	-0.0207320064	-0.1035817512	0.0626728095	-0.0028175165	0.0011529662	-0.0437389678	0.0120074196	0.1262702816	0.1748796316	-0.0377529448	0.0598806182	-0.011805629	0.0144391788	-0.018947762	0.041124124	-0.0116951213	0.027765315	-0.015519591	0.1204991941	0.1088355372	0.0134199407	0.0141362141	0.0129263799	-0.0450964576	-0.0192166797	-0.0019767822	-0.0221192927	-0.0069715906	-0.0178874829	-0.0751648023	0.0651210741	0.0496097868	0.0799242032	-0.0775238521	0.1773344971	0.0372933225	0.0073748842	0.0212997692	0.0243159169	-0.0985915371	-0.1369728531	0.1202857703	0.096371086	0.0217930786	0.135183138	-0.1302004896	0.0571226331	-0.0294185586	0.0497698459	0.2192566697	0.0689530215	-0.1240214424	0.0524446233	-0.0633163587	0.0228581475	-0.0346292112	0.0539745911	0.0069919065	0.0201127408	-0.0577769165	0.0817362586	0.0353526791	-0.1036209109	0.0625571954	-0.0848951455	0.0452721182	0.0803564639	0.0373181648	-0.0647696359	-0.0669566061	-0.1158400762	-0.1193675752	-0.122972168	-0.001556211	0.0062321796	-0.0140446522	-0.0465158098	0.0160535968	0.0558823401	0.0434511471	-0.0629583565	-0.0115278997	-0.1302889909	0.0142345282	0.0970099835	-0.090552237	0.0511454939	-0.0425617583	-0.0220420204	-0.0281369544	-0.0128091514	0.0396521823	0.0258183998	0.0210884878	0.034348723	-0.2412070367	-0.025951193	-0.096125657	-0.0588227236	-0.1749247613	0.1130794074	0.0729768432	0.0745667204	0.0999515455	0.0634448495	0.0877062268	-0.0810879488	0.1176238994	-0.1220743186	0.1278014099	0.1048167128	-0.0206428522	0.0520041146	0.063075868	-0.0852013867	0.0328344509	0.0614992949	0.0531536528	-0.0707019906	0.0252171422	0.0028580528	0.0085284153	0.1352054044	0.056262758	0.1894900009	-0.0386820242	0.0428463903	-0.0853356857	-0.0132173763	-0.0588714736	0.0755377147	0.0560196054	0.0312962245	-0.0583264168	-0.1478347003	-0.0750991912	0.0308724873	0.116686469	-0.0176839392	0.0060925769	0.0485778022	-0.0278936242	-0.198118997	0.0441620652	0.130551699	-0.1147888155	-0.0520525946	0.062851168	0.1523893894	0.0519178862	-0.0718077855	0.0774848105	-0.0004578309	0.1191838581	-0.1413142963	0.0454436985	0.0521085552	-0.0308967027	-0.0839891338	0.0814823178	0.034913343	0.00707052	0.01304885	4.99922530704e-05	0.0001702724863225	-0.0254335	0.0043237	0.00064686292225	1.869438169e-05	0.200094	0.009493	9.011704900000004e-05	0.040037608836	0.0007256349999999	-0.0003531550000001	1.2471845402507066e-07	5.265461532248549e-07	0.000842875	0.0002524679999999	7.10438265625e-07	6.374009102399999e-08	-0.000656805	0.0	0.0	4.31392808025e-07	0.0
275.8220139519709	0.3867967493251285	0.1496117252884863	76077.78338052124	393.6032308546094	0.6832493077896515	154923.50333918695	0.4668296165950379	289.22670619066696	0.6416615216203354	83652.08757390239	0.4117295083281241	299.80771430526306	248.3549553995088	1.122026	21.882153	0.12574855	0.0866423999999999	-0.0322984292	0.0532722507	0.0738195745	0.1518581485	0.0404983687	-0.0102345178	0.0308829399	0.1496143637	0.0089907864	-0.0068620041	0.0788382969	-0.0741875641	-0.0740061473	0.0434598795	-0.0271049655	-0.0207388362	0.1311558322	0.0781232857	0.0053179505	-0.0017840972	0.0028445478	0.0244318826	-0.0420775221	-0.0606704948	-0.0287388515	-0.0061269377	0.0750505213	-0.0683980258	-0.1877807112	0.0757313535	0.0876007262	0.0900224646	-0.0256848107	0.02072507	0.0336138311	0.2090060962	0.116104627	0.0713956689	-0.1468384144	0.0341510321	-0.1613219606	-0.0262391749	-0.0290385309	0.066778478	-0.0135387266	0.031096209	0.0445485882	-0.0136299175	0.0247954896	-0.1226093669	0.0026764972	0.041098153	-0.0469299521	0.124288105	-0.007143703	0.0072449344	0.0010213441	-0.0511488758	0.1473866741	0.0039362561	-0.0169904606	-0.018960558	-0.0553432237	-0.1153260768	0.0422459078	-0.163207441	0.0380047857	0.1048400367	-0.0655801923	-0.0196884997	0.0388360254	-0.0017287447	0.0099217867	0.1416050195	0.0209389427	0.0328267327	0.0343800608	-0.0845944903	-0.0471361738	0.0231231737	0.0662355219	0.0414555132	0.1357540385	-0.0545976019	0.0363729966	-0.0942333714	0.0078444904	0.0146975716	0.0486304946	0.0270723485	0.0192706504	-0.0873466933	-0.106045872	-0.0550094811	0.0488139583	-0.0871887916	-0.1104520489	-0.033980602	-0.0102287055	-0.2041977042	0.0608124592	0.0763303113	0.0864118975	0.1480691009	0.1091388176	-0.0630302817	0.0647394467	0.1061425963	-0.0029951933	0.0328033419	-0.0277642227	-0.0375908203	0.1391124542	-0.0584679523	-0.04387004	-0.0722194397	-0.0481967194	0.0224020052	-0.0214947949	-0.0935694129	0.1002138457	0.0487661084	-0.0153735582	0.0780314596	0.0924316678	-0.1276356628	-0.0119607685	0.0286414226	-0.0606255504	0.0395509781	0.0199630271	-0.0456654292	0.0975060836	-0.0678525816	-0.0259833136	0.017327463	-0.009180901	0.000564103	0.1104442967	-0.0541160812	0.0410366388	-0.0544131892	0.0564735524	-0.1028022432	0.2031914196	0.08524503	-0.008762977	-0.0437542938	-0.0551858402	0.0055694911	-0.0635210509	0.1115398051	-0.0384855697	-0.1118466963	-0.069004365	-0.0427153168	-0.0069848788	-0.0218487592	-0.108597229	-0.0063371458	-0.0429622535	0.0515267481	-0.0770174827	0.0887191819	0.0583824835	0.0541440673	-0.025579536	0.0623734761	0.049080213	-0.1345704795	-0.2132308164	-0.0227751968	0.1312838569	0.0820489462	-0.0325260131	0.0311731409	-0.0014205559	-0.0095311471	-0.0769856825	0.1049411371	0.16773449	-0.0063976682	-0.0312518232	0.028453604	0.0109160003	-0.0325100797	-0.0819949584	0.0844734105	0.0284609379	0.00123898	-0.00583154	1.5350714404e-06	3.400685877160001e-05	-0.00692154	0.01851196	4.790771597160001e-05	0.0003426926630416	0.278086	0.077992	0.006082752064	0.077331823396	0.000294083	-0.0004315519999999	1.862371287039137e-07	8.6484810889e-08	0.0008061659999999	-3.670900000009997e-05	6.499036195558388e-07	1.3475506810073392e-09	-0.000656805	0.0	0.0	4.31392808025e-07	0.0
275.31894012033075	-0.5030738316401653	0.2530832800811173	75800.51878898227	393.3220764478602	-0.2811544067492377	154702.25582125637	0.0790478004345158	288.8367182168657	-0.3899879738012828	83426.64979028907	0.15209061970963	299.62482926511655	244.90937978010072	1.05318	20.539478	0.0740850999999999	0.050318	-0.0257415408	0.0826560437	0.1302044877	0.0558417811	0.0053779899	0.0078632446	0.0062877138	0.0780960523	-0.0749308596	-0.0530690208	0.0417057467	0.0130430932	-0.0470365245	0.0881231433	-0.1163326713	0.0088776042	0.0516580303	0.0269613352	0.0838928624	-0.0317975386	0.0528235347	0.0615300373	-0.0179498889	-0.0250585828	0.0189368117	-0.0707359818	-0.0033329448	-0.0233396569	-0.0871890743	0.0426220989	-0.0990494697	0.0940470256	0.0395344458	-0.0706095579	-0.067508115	0.0832699139	0.0186282576	0.0324407151	-0.1530745083	0.0309058955	-0.0527757102	-0.0199698336	0.1856147559	0.066381769	0.0542118754	0.0285623665	-0.0326779732	-0.1429863399	0.1224668072	-0.0573270754	-0.0909291428	0.0232575824	-0.0272924565	-0.011841555	-0.0337383577	-0.0342991831	0.0236307515	-0.0255071012	-0.1256471272	-0.0456251052	-0.0488100435	-0.0040979299	-0.0850725656	0.0060155539	-0.0122231594	0.0835570098	-0.0110148325	0.005787766	0.0977196413	-0.0444838101	0.0115152484	0.0174504759	0.0595239231	-0.1604329833	0.0262364894	0.0161006408	0.098416986	-0.0184797799	-0.095362341	-0.0023692716	-0.0641560115	0.0604947675	-0.0046546658	0.0471573399	-0.0709426599	0.0536683169	-0.0106721952	-0.0795854331	0.0746091414	0.1262550801	0.0218950883	0.045723792	-0.0433926494	-0.1128053923	-0.000769059	0.0814359724	-0.0014181459	-0.0029928699	0.0782604574	-0.0840513155	0.0264777169	0.1021489167	0.0238826936	0.0114698803	0.0430998797	-0.0157102799	0.2366945437	-0.0334026542	-0.0127467306	0.0326728469	-0.0307340362	-0.1244027129	-0.0759164901	-0.0403418022	0.0627919308	0.0618314492	0.0704939429	-0.0575274866	0.1164462579	-0.0553918475	0.0995683775	-0.0618187042	0.0520147037	0.0779686892	-0.0214853179	-0.0084547503	0.0822083919	-0.001928637	0.0051339474	0.1143897265	0.0835032102	-0.0037708602	-0.007583893	0.0408670703	-0.0862006106	-0.0321424274	-0.0341052968	-0.1913181027	-0.0193402883	-0.0049754717	0.0496537843	0.0685545062	0.0428463309	-0.041092442	0.0208546707	0.0472982618	0.1223852798	0.1199025258	-0.0051607134	0.0237609779	0.0390903009	-0.0225616585	0.080613885	-0.0161341093	-0.0356021872	0.0121845134	0.0164194041	-0.0129961057	0.0415589296	0.015802458	0.0449510793	0.060348902	-0.0857415127	0.0249294149	0.0790175484	0.0634650222	-0.0425570874	-0.0648647578	0.0295107059	-0.192898796	-0.1077640162	-0.0192582579	0.1214420278	0.1393793047	-0.0688774772	0.0709116435	0.0514742767	-0.0631151744	0.02460549	-0.0842467163	0.1253518592	-0.0705178774	-0.0092144172	0.0006361253	0.0302385249	-0.0341145687	-0.0799111227	0.0872566935	0.0218840804	0.00707742	0.00583844	5.00898738564e-05	3.40873816336e-05	-0.0556039	-0.0486823599999999	0.0030917936952099	0.0023699721751695	0.278101	1.4999999999987246e-05	2.2499999999961735e-10	0.077340166201	0.000624909	0.000330826	1.09445842276e-07	3.90511258281e-07	0.000866326	6.016000000010004e-05	7.505207382760001e-07	3.6192256000120363e-09	-0.000656805	0.0	0.0	4.31392808025e-07	0.0
275.0222768951567	-0.2966632251740293	0.0880090691706568	75637.25278859625	393.3113844261771	-0.0106920216830985	154693.84511923607	0.0001143193276718	288.6968018362944	-0.1399163805712646	83345.84339050464	0.0195765935521629	299.60259046515307	241.3619543701957	1.041799	20.317526	0.0436401699999999	0.0268031	0.0211079813	0.1083905678	0.1470514765	0.0294066812	-0.0368016961	0.0306926362	-0.0348006769	0.0581598124	-0.0857285301	-0.0239129332	0.0495315874	0.0120021801	0.0221795643	0.0916385395	-0.097215439	0.0291287455	0.098740824	0.0160217901	0.0969016505	0.0053774512	0.08609423	0.0238775175	-0.0313461789	-0.0987952795	0.0044919951	0.0493353295	-0.0284259563	0.1193506985	-0.0686778919	0.0506112061	-0.0322429542	0.0693343892	-0.0383471527	-0.0497085103	-0.1053904464	0.1122330126	-0.0090185398	-0.0948871247	-0.0402892371	-0.0084251598	-0.0866921584	-0.1270438234	0.1808765578	0.0753570743	0.0418767258	-0.0220973352	-0.006509563	0.0687912639	-0.1113158804	-0.0745518976	0.0562339386	-0.0589425715	0.057767865	0.0536201959	0.1360184448	-0.005559389	0.0039529567	-0.1860109834	0.0220861519	-0.0431750682	0.0541223519	0.1396825525	0.0936880903	0.0334803382	-0.0557829297	0.01493357	0.086824966	0.044053148	-0.0647624834	0.0306550956	-0.0170500451	-0.0781842282	0.0018059448	0.0209828527	0.0117437652	-0.0370420642	-0.0688771657	-0.0634682468	0.0660649109	-0.0505774468	-0.0458005002	0.0708417805	0.0984509679	0.0177994147	0.0491864547	0.0141048223	-0.0148631403	0.1411726701	-0.1295172982	-0.0907995725	-0.0204344507	0.0340028775	0.0489410833	0.0344503183	0.0895108386	-0.0611025577	-0.0217808033	-0.0062495981	0.0933869908	-0.0946550341	-0.0197124348	0.1149429427	0.0095084904	0.0864695889	0.0006319449	0.0250702285	0.1097957818	0.10218978	0.0232158574	-0.0288700363	0.0683701182	-0.0117203408	0.0011003557	-0.1568108142	0.0984446389	-0.0271393946	-0.0782820411	-0.0919990933	-0.1209941932	0.0252298766	-0.0186873311	-0.0770817911	0.0315428978	-0.0320457963	-0.115950135	-0.0939201753	-0.1274434349	0.0150624949	-0.098268546	0.0585922674	-0.0386249496	0.1196723675	-0.0350142169	-0.0731380374	0.0594392918	-0.0701622359	0.0827250725	0.0536011763	-0.0429678695	0.0118249444	0.0336119237	-0.0512520495	0.0082889641	-0.0594155657	-0.0009856371	0.0261429418	-0.1066281654	-0.1775472027	-0.0918215832	-0.0261998901	-0.017850527	-0.0091858707	0.1236116258	0.0788201499	0.0800543812	0.0553778768	0.0833562652	0.0157070797	0.0097400004	0.0557453057	-0.0682936927	0.0638910555	-0.0973255605	0.0023660427	0.0998868772	-0.0020084869	-0.0383827799	-0.0347057274	0.0909107403	-0.1081179671	-0.0342424194	-0.0676288731	0.0748827532	0.0665007116	0.0356397651	0.0772944954	0.1028008665	-0.0913631887	0.1225941456	-0.0075240323	0.1773407902	-0.0059398865	0.0615613632	0.0290735917	-0.0381435558	-0.0357097311	-0.0777399053	0.0898253196	0.0152115293	0.00704925	-2.8170000000000105e-05	4.96919255625e-05	7.935489000000059e-10	-0.0388794	0.0167244999999999	0.00151160774436	0.0002797089002499	0.278075	-2.599999999997049e-05	6.759999999984654e-10	0.077325705625	0.000202073	-0.000422836	1.78790282896e-07	4.083349732899999e-08	0.00098072	0.0001143939999999	9.618117184e-07	1.3085987235999997e-08	-0.000656805	0.0	0.0	4.31392808025e-07	0.0
274.7043042980576	-0.3179725970991285	0.1011065725059647	75462.45479987982	392.3713185820063	-0.9400658441707606	153955.2516457823	0.8837237913764847	288.57922022143714	-0.1175816148572721	83277.96634361272	0.0138254361524438	299.5151779921632	240.7801010905277	1.082797	21.117088	0.08425995	0.0400272	0.0373908999	0.1085872222	0.0813131722	0.0117587643	-0.022997547	-0.0315306152	-0.0295308997	-0.0702796327	-0.1076455221	0.0139699716	-0.0632187707	-0.0696977559	0.0115375192	0.0574595283	-0.049310446	0.080614547	0.0467754898	0.0232345276	-0.0643320743	-0.0589731675	0.0555141089	-0.0666662949	0.0011363732	-0.1288492351	0.0128714151	-0.0687373026	0.0133215855	0.087368746	-0.1375847974	-0.0723221827	-0.0122839214	0.1091313583	0.0995240167	0.0434797748	0.0848563242	0.0157993684	0.0133518748	-0.0632908885	-0.1350715879	-0.0220701247	-0.1254212399	0.0160219333	0.0373640226	0.0855606649	0.0132592141	0.0641782379	-0.0315072838	-0.0522658836	-0.0431622284	-0.0285756424	0.0167064912	-0.0314981712	-0.0270284012	-0.0031649294	0.0323649449	0.0322434631	0.1425062699	0.0640112627	-0.1255901094	0.0577532003	-0.078859259	-0.0480420267	-0.0847922677	-0.0770073152	0.0680598267	0.0415890804	0.0792812467	0.1011346742	-0.1041757852	0.0180775877	0.0860793575	-0.0396074738	-0.0300235038	0.0309007082	0.1032840631	-0.0346985624	0.057725619	-0.0083719979	-0.0229498808	0.055167986	-0.0105411801	-0.0271516567	-0.0504076081	0.0469004236	-0.0112939786	0.0875800345	-0.0435217344	0.0626628427	0.0399783641	-0.0447335757	0.0124232564	-0.0153426892	-0.0021295603	-0.1187837744	-0.0981697714	-0.1016691373	0.1071378526	0.0443878025	0.0985306699	-0.096079174	-0.0128896646	0.0213732534	-0.0338132351	0.0915223173	0.0102000956	-0.0239083554	0.0746243302	-0.0113007267	0.0311690364	-0.0212973652	0.0369494993	-0.1195462083	0.0377018457	0.0330578053	-0.0900081023	0.0443881025	0.0331834559	0.0156940686	-0.0395236276	-0.0574996155	-0.0081788653	-0.0561475092	0.1298417483	0.0990644954	0.0929834587	0.0424302601	0.0070074192	-0.0516626297	-0.0116334875	0.0208778471	0.049247406	-0.0066987062	0.1224573332	0.0008818371	-0.026276403	0.0003284485	0.0360862133	0.0128588397	0.0607035916	0.0402146585	-0.0322185517	0.1772187224	-0.0059583309	-0.0565601828	-0.1043569992	0.076473935	-0.0063008344	0.1106948914	-0.0196670538	0.0507593241	-0.1304114767	-0.0111012618	-0.0020723096	0.0021863183	-0.1294452747	-0.1304982157	-0.0873187347	-0.0378081053	-0.0166257079	0.0946016558	-0.0547844549	0.0437062981	-0.0535149008	0.0120037543	0.1559755365	0.0187573115	-0.0712619372	0.0396447312	0.1464239611	0.0265425686	0.0123077034	-0.0473175052	-0.0479462678	0.107436296	-0.1100924959	-0.0773258077	0.1774944466	0.0359717171	-0.0576025146	-0.1195817221	0.0210641598	-0.028294734	-0.0741638461	0.074857941	-0.0606020768	-0.0372951309	-0.0754836805	0.0921729699	0.0084724621	0.00443605	-0.0026131999999999	1.9678539602500005e-05	6.828814239999998e-06	-0.0594407	-0.0205612999999999	0.00353319681649	0.0004227670576899	0.26588	-0.012195	0.000148718025	0.0706921744	0.000594485	0.0003924119999999	1.53987177744e-07	3.53412415225e-07	0.00109699	0.0001162699999999	1.2033870601e-06	1.3518712899999981e-08	-0.000187678	0.000469127	2.20080142129e-07	3.522303168399999e-08	0.0
275.3338647738443	0.6295604757867181	0.3963463926727989	75808.73709130159	393.705865942128	1.3345473601216895	155004.30887724087	1.7810166564077703	289.14476575045023	0.5655455290130931	83604.69556088274	0.3198417453866993	299.99310300807446	241.9674833311196	1.231371	24.014626	0.1923113	0.113352	0.0331362831	0.1150271991	0.0610239276	-0.0352262078	0.075523133	-0.0529349071	0.0810064267	0.0486390064	-0.1001744663	0.0283291212	-0.0446632757	0.0634467465	-0.0668058771	-0.0619182566	-0.1666434724	-0.1305217728	-0.1017838195	0.0009297547	-0.0114788428	0.1947281259	0.1162459564	0.0930485689	0.1065416897	0.0062569826	0.1253103646	0.0792668633	-0.0661300505	-0.1390992379	0.0308717241	0.0345391777	-0.1313837355	0.1346051076	0.0812197921	-0.1179390119	-0.033618333	0.1054928679	0.0085422497	0.0458102955	-0.1568750893	0.0723086819	-0.0407285317	-0.1470768534	-0.0459068236	-0.1757403587	-0.1061832468	-0.0121403337	-0.0328818947	0.0740153095	0.0157837671	0.0917480746	-0.0064378738	-0.0793740911	-0.0440037533	-0.0391416612	-0.0103177228	-0.0343237366	-0.0595087947	0.1078026193	-0.0011179465	-0.0258267866	0.0413752809	-0.0924508284	0.0930714646	-0.0686569798	0.0007962953	0.0992966609	0.0939238382	0.0343598972	0.1191458665	-0.011514909	0.0521878862	0.101355494	-0.0451255554	-0.0092441709	0.0106218267	-0.0585823307	-0.1058549953	-0.0912143343	0.0045838356	0.0010724872	0.1912967281	-0.0651206509	-0.0387569559	-0.022461676	0.0161291089	0.0659666542	-0.1050526122	0.0820485672	-0.0504515946	-0.0499855008	-0.0224987615	0.1644340424	-0.1261491938	0.071528555	0.0444591474	0.1193505636	0.1287587571	0.0413819656	0.1137313882	-0.0314966524	-0.0024408281	0.1983558679	0.1425963927	-0.0952930098	0.1781064431	-0.1047376248	0.0461996935	0.1338650687	-0.0293644881	-0.0095708874	-0.0436216708	0.1610368478	-0.0535198788	0.2030496642	-0.010308086	0.0364560954	0.0835830927	0.0632355981	0.0020539666	0.0686982534	-0.0285831523	0.0951734045	0.0375700817	-0.0577799902	0.0185537523	0.0657608966	-0.0020191013	-0.0835333437	-0.0432009057	0.0379088069	-0.1319420522	-0.0957483162	-0.0099693646	-0.1703560386	-0.0954844818	0.0615063922	0.0332000916	0.1259534546	0.1105254642	0.098535315	-0.0672003384	0.0529121747	0.0441420177	0.0131964305	0.0052641555	0.0722855619	-0.1148957654	0.0534731865	-0.0868440683	-0.1332514503	-0.0767766802	-0.0229786954	0.0658677913	0.0669651462	0.081495968	-0.0344696065	-0.0647001032	-0.0354171111	0.1037807561	-0.0632634923	0.0323167152	0.0823709096	0.1525860112	0.0478303321	-0.0019945234	-0.1849294962	-0.0192536431	-0.046300546	0.0466758176	-0.0929985152	-0.1153701016	-0.3261345848	-0.0900362742	-0.3816199272	0.1723090633	-0.0994811271	-0.0221712729	-0.1387869166	-0.1793062179	0.2058113544	0.0748616037	-0.0122022262	-0.3387338444	-0.0564645268	-0.1965980511	-0.0388703345	-0.0731449155	0.094293869	0.0016963469	0.0565539	0.0521178499999999	0.0031983436052099	0.0027162702886224	0.0322471	0.0916878	0.00103987545841	0.00840665266884	0.2582	-0.00768	5.898240000000031e-05	0.0666672399999999	0.00106204	0.000467555	2.1860767802500006e-07	1.1279289616e-06	0.00107441	-2.257999999999991e-05	1.1543568481e-06	5.098563999999959e-10	0.0001387	0.000326378	1.06522598884e-07	1.9237690000000004e-08	0.0
276.0411068127805	0.7072420389362151	0.5001913016386548	76198.69265042491	393.3570231335171	-0.3488428086109252	154729.7476484623	0.1216913051195585	288.5335043266072	-0.6112614238430183	83251.58311899226	0.373640528278594	299.4047749667124	241.9159094494661	1.264804	24.666653	0.42056335	0.237736	-0.0544609255	0.0976313176	-0.016490803	-0.0733587576	-0.0312928393	-0.1719867424	0.0043491573	0.0806549038	-0.0256847596	-0.0159502029	-0.1335825749	0.0612167144	-0.1023955624	-0.0086279961	0.1734975766	0.1128857811	-0.1457385462	0.0010696516	-0.0383444097	0.065325983	-0.0020160317	-0.2780752223	0.1495928124	-0.1625288471	0.0975965244	0.0651692676	0.0319943477	0.0425414904	-0.0064454785	0.0192790768	-0.1201394372	0.0043758163	-0.0435069333	0.0896241722	-0.0186957079	-0.0757912026	-0.1598647337	0.1964491123	-0.1235100501	-0.0181036472	-0.0364304523	0.0068562098	-0.0433820315	-0.0353354901	-0.2758814023	0.0131969468	-0.0490931166	-0.1300954307	-0.1206103737	-0.0123481971	-0.0447514763	0.0588029254	0.0271785393	0.0484939502	0.1328559771	-0.0565168983	0.0303402822	-0.086663215	0.018751609	-0.002251277	-0.0245848929	-0.0482293087	-0.0327862459	-0.0144486893	-0.0228103385	-0.0455028646	-0.1065897195	0.0930559826	-0.2124259004	0.0923188803	0.0279919196	-0.0373390293	-0.0702714272	0.134261004	-0.0372348869	0.0345384009	-0.0779698084	-0.0700718152	0.0509036512	-0.0389877144	0.04078444	0.116893301	-0.0345222663	0.075854715	0.0322456473	0.0810553599	0.1029074495	0.0816539339	-0.099524717	0.0139230183	0.0157499986	-0.0542861632	0.09320925	0.0665164385	-0.0135501525	0.0029795018	-0.0787394698	0.0762351276	0.0460836776	0.1812511508	0.0684476006	-0.0329105153	0.0169276248	0.1846893788	0.2853595057	-0.1548388449	-0.1783497881	-0.0530675149	0.1909161857	-0.0681520824	0.189270852	-0.0381214696	-0.0476942517	-0.0394715588	0.1115448426	0.0192221586	-0.0632977031	-0.0377479206	-0.0400414069	-0.0910481599	0.0297452682	-0.0081185967	0.0262145896	0.0625215773	-0.0089407063	0.0245033095	-0.0240041627	-0.0008392023	-0.0570061209	-0.1002650166	-0.0051853502	-0.0131583069	0.1000767457	0.0102285704	-0.0851130261	-0.0606512948	0.0888012145	0.1284519443	0.0698721546	-0.0474938369	0.0680332904	0.0412596934	0.0114524132	0.0034946982	-0.0802757326	-0.1825498704	-0.0843260051	-0.0576803276	-0.1600686471	0.0722965768	0.0006262475	-0.0012608778	0.0034348133	0.0189430381	-0.0177550258	0.0991975357	0.2184754007	-0.081510701	-0.0326685354	0.0489636415	0.0479782358	-0.0637631384	0.3723613143	-0.0308988016	0.0492784267	-0.0090528996	-0.0303604412	-0.2180063663	0.081050191	-0.0492605806	-0.1744335813	0.0847366355	-0.2690129219	-0.0236244221	0.2511254718	-0.2164495132	-0.0512974189	-0.1502370023	-0.252249585	0.1454535446	0.0188908865	0.0289000558	0.18641403	0.1161283391	-0.0405045113	-0.0404349114	-0.0707261675	0.0961827994	-0.0050871859	0.105673	0.0491191	0.011166782929	0.00241268598481	-0.165139	-0.1973861	0.027270889321	0.03896127247321	0.148023	-0.110177	0.012138971329	0.0219108085289999	0.00164427	0.00058223	3.389917729e-07	2.7036238329e-06	0.00105526	-1.9150000000000117e-05	1.1135736676e-06	3.6672250000000426e-10	0.000814943	0.000676243	4.57304595049e-07	6.64132093249e-07	0.0
275.5036288007992	-0.5374780119813067	0.2888826133633777	75902.24948240856	394.675220437135	1.3181973036179215	155768.52962710112	1.7376441312655588	288.1459239146158	-0.3875804119913937	83028.07346860757	0.1502185757594185	299.1212139247324	251.9340414879568	1.611775	31.433405	0.14173364	0.0784963	-0.1412783388	0.0546112246	-0.1001225707	0.0430982517	0.2092612174	-0.0685786115	-0.0715532191	-0.0126010407	0.061453689	-0.1331662376	0.045790817	0.0172413575	0.1078773346	-0.0171906567	0.2357483166	0.0950042045	0.0414772407	-0.074765412	-0.0305127586	0.2450423944	-0.0315039065	0.0444302731	-0.0659298097	0.0198890114	-0.0030458541	-0.0390997573	0.0425782162	0.0424866924	0.0161891418	0.0001548013	0.1064593026	-0.084210011	0.0627746741	0.0105132529	-0.1613346171	-0.1007051591	-0.0012128526	0.0959938411	0.0266233288	0.049915744	-0.0487817968	-0.092424775	-0.0620241374	-0.0331760594	-0.0924237103	0.0703454027	-0.0565946661	0.0450457712	-0.1175007793	0.0351493763	-0.0009614961	-0.1336163885	0.2169141217	0.0574881153	0.0567062716	-0.0102917683	0.124917243	0.0030687557	-0.0794318145	0.0532598695	-0.0515331367	-0.0128613586	0.0438583955	-0.073765018	-0.0168990563	-0.0313627707	0.0920422921	0.0251115668	-0.058240525	-0.0192837597	0.0709868588	-0.0635112828	0.0466979581	-0.0305162617	0.0154721599	0.1067051747	0.0128823336	0.1167099023	0.0359524863	-0.0265296801	-0.188113742	-0.0330899226	0.0739815121	-0.0295925472	-0.0053351866	0.0882105282	0.0505069225	-0.0967412768	-0.0170104622	0.0132179386	-0.0355933679	-0.150380677	0.0609436042	0.0169248689	0.1298129809	0.0118731408	0.0345733382	0.0161319558	-0.1145060964	0.0925476065	0.0072586529	-0.0823416503	-0.1518429356	0.0551670721	0.0678168619	-0.2156063906	-0.0772739833	0.0136582914	-0.0461368377	0.0066122916	-0.0067636526	-0.0857920885	0.0683209946	-0.0123727279	0.1190380947	0.0272258849	-0.074035266	0.1169672604	-0.0733088594	0.0640520527	-0.124200412	-0.1111477616	0.0660779023	-0.0991406793	0.0495248516	0.1079711535	-0.0260498633	-0.0952194317	-0.0862577517	-0.0349706579	-0.0070513504	0.076183075	0.0669188691	0.0357275552	-0.0906216275	-0.0629301831	0.1101035783	-0.0598426953	-0.0688400048	-0.0231080345	-0.0504988631	0.0234916944	-0.0139663219	-0.0703482967	0.0556864378	-0.084838977	-0.1139056298	0.0698603958	0.1804920627	-0.034217015	-0.0024817996	-0.056329136	-0.0555760822	0.086320089	-0.0198124437	-0.0098358249	-0.0311477338	0.0450776061	-0.1041356504	-0.0098253287	-0.1034771564	-0.0560409725	0.1732722126	-0.2308786621	0.0825468244	0.0967777093	-0.1208318796	-0.0271101309	0.1363354758	0.1020738513	-0.2232805177	0.0807006852	-0.093626284	0.2206455786	-0.016629795	-0.0468205185	-0.0906225156	-0.0418265727	-0.0506012976	-0.0643732986	-0.0960688579	-0.0360737509	0.1403294827	0.1104858639	0.1007045578	-0.0419884337	-0.0682300815	0.0978351141	-0.0118484738	0.0533213	-0.0523517	0.00284316103369	0.00274070049289	-0.163348	0.001791	0.026682569104	3.207681000000053e-06	0.163795	0.015772	0.000248755984	0.0268288020249999	0.00221497	0.0005707	3.256984900000002e-07	4.9060921009000005e-06	0.00114806	9.280000000000007e-05	1.3180417636e-06	8.611840000000016e-09	4.20642e-05	-0.0007728788	5.9734163948944e-07	1.76939692164e-09	1.0
274.3602417682442	-1.1433870325550402	1.3073339062150204	75273.54226312939	393.7034113534926	-0.9718090836424268	155002.37611137738	0.9444128950499332	287.81588422988256	-0.3300396847332649	82837.98321502916	0.1089261934988329	298.6712606386987	239.1295068571173	1.450579	28.289698	0.18252466	0.0893415999999999	-0.0051150582	0.0183810355	-0.0662199657	-0.0975723148	0.0449852426	-0.1441900412	-0.0839201422	-0.0304849887	-0.0100966167	-0.0355420639	-0.0600326811	0.0751524153	0.1563951844	-0.0013061531	0.0567341593	0.0102713031	-0.1495438049	-0.0752599214	-0.0610440436	-0.03896914	0.0855888954	-0.0047336036	0.0394484745	-0.0623235493	-0.0019712655	0.0248732082	0.1089306237	-0.0185478623	-0.0720234566	0.0700296055	0.0764503516	-0.0128241798	-0.0053520435	-0.0061631756	0.0316047594	-0.0983973512	0.0113052114	-0.0335867382	0.040204525	-0.0791633684	-0.0499933642	-0.19203442	-0.1486284556	-0.0411451938	-0.0763682943	0.1580061197	0.0476284672	0.1223865298	-0.0656348593	-0.0283704697	0.0737254605	-0.0020750579	-0.0065026785	-0.0877301948	0.029458391	0.091733644	0.0306692789	0.0844953027	0.1039789995	0.0432249199	0.0048574548	0.0502394008	0.0047725985	-0.018634855	0.0476707472	0.0259215669	-0.006536356	0.0946063054	0.1919915919	-0.0497793787	0.0059178702	0.0678853069	0.060412705	-0.1074410392	0.0007268665	0.1387192164	-0.129696631	-0.0761697982	0.0020446843	0.0224863588	0.0291971269	-0.1092517836	-0.0150515731	0.0209134544	0.0689651567	-0.1006420037	-0.0369632991	-0.0707217126	-0.0111620372	-0.0238263854	0.0571370765	-0.0053614467	0.1393249248	-0.0497197134	0.029579434	-0.1839276944	-0.1053453586	0.065850667	-0.0341277704	0.0950875535	-0.1044899542	-0.0542060438	-0.064402529	0.0424872344	0.0452107464	-0.1448651661	-0.1113830771	0.0939320829	0.0344528721	-0.0075867418	0.022531008	0.0293921201	-0.026947381	-0.047153504	-0.142130584	-0.1722096586	0.0329432963	0.0648575313	0.0346001399	0.0301523652	-0.0677658232	0.072764998	0.0301626364	0.0201230986	0.002396326	0.0545954797	-0.1678354949	-0.0406663015	-0.0103490448	-0.0498787887	0.0392667851	-0.0747469602	-0.1442542583	-0.0642281169	0.0701808945	0.1125151082	0.0537652738	-0.1000791172	-0.1217197376	0.1393403636	0.0073959557	-0.0553975214	-0.0249010192	-0.0057504471	0.1959259942	0.0528963768	0.0027055347	-0.004598692	0.065190912	0.0606072832	0.0160758798	0.0859553655	0.1116111519	0.0987480967	0.0080542738	-0.1264065442	0.0136032417	-0.1134328875	-0.0918523762	-0.1078845259	-0.0184494692	-0.0022536976	0.1564910237	-0.0887167447	0.0588533436	0.1217967004	-0.1112229635	0.0956383217	0.0730806966	0.0293871971	-0.1002572476	-0.076966278	-0.0799352972	0.1108989068	-0.0942944458	-0.0521143687	-0.0388582794	-0.1000283047	-0.0988904117	0.047872924	0.1080511025	-0.0613023625	-0.0031127899	-0.0378355461	0.0853758029	-0.0435304769	-0.0656593869	0.0992467484	-0.0185579513	0.0344117	-0.0189096	0.00118416509689	0.00035757297216	-0.0969498	0.0663981999999999	0.00939926372004	0.0044087209632399	0.206319	0.042524	0.001808290576	0.042567529761	0.00178773	-0.00042724	1.8253401760000012e-07	3.1959785529e-06	0.00157101	0.00042295	2.4680724201000003e-06	1.7888670250000006e-07	-0.000201603	-0.0002436672	5.937370435584e-08	4.064376960899999e-08	0.0
275.08919290254903	0.7289511343048503	0.5313697562043278	75674.06405177583	392.7972105118512	-0.9062008416414074	154289.64858589153	0.821199965391595	288.29143324646867	0.4755490165861147	83111.9504833031	0.2261468671760208	298.99931889154044	241.27750398736703	1.170512	22.827734	0.05177195	0.0239477	-0.0360012208	-0.0369211325	0.0159804359	-0.1495536671	-0.0570984647	-0.0614801736	-0.1143178226	0.0809653682	-0.003054145	0.0592564854	-0.1869570259	0.0288890584	-0.0838285709	0.1096578173	0.1554366273	-0.1067534791	-0.1435230766	0.0294387937	-0.0130638285	-0.0292127423	0.1217404203	0.0672824693	-0.0718907541	-0.069441853	-0.0828179951	-0.0523034699	0.1127377011	0.1155067295	0.1070260853	-0.1163652229	-0.0923818786	0.1054476444	0.1169524984	-0.0404104111	-0.1098782898	-0.0827124336	0.0736642873	0.065983808	0.0110487519	0.0170367608	0.0498549086	-0.0453994839	-0.022732409	0.0906841759	0.029540642	-0.0122806227	0.0547632194	-0.0097187287	-0.0545804232	-0.0696253747	-0.0306162353	-0.05659421	0.0255272698	-0.0435339597	-0.0903674315	-0.1441614025	0.0299825995	0.0756861715	0.096033998	0.0831104445	0.1062164182	0.0754531145	-0.0121678975	0.0287592359	0.0389019794	-0.1856369146	0.00153064	0.0536378581	0.1181056935	0.0382332891	0.0452494538	0.0954993515	0.063367057	0.0322835594	-0.1658074395	-0.1611591312	0.0336918049	-0.0007489833	0.0643198226	-0.1182497627	-0.2092438232	0.0545592837	0.0966160828	-0.069742476	0.055089936	-0.1143541148	0.141110568	0.0295572294	0.0758793916	0.0314210619	0.0080368534	0.0904668632	0.0851469828	-0.0447349602	-0.0073495269	-0.0338915233	0.0351109825	0.1041694718	-0.1066490886	0.1351911298	-0.1730164156	-0.0152777778	0.0603272141	-0.0290819097	0.1981129748	0.0308599963	0.096992991	-0.0662115564	-0.0145533436	-0.0675805591	0.0758788215	-0.0299785088	0.0337946241	-0.0530844249	-0.1406166124	-0.0143559043	0.0235192742	0.0214220973	0.0017222478	-0.0270388436	0.08573636	0.0239146825	-0.0711007985	-0.0823097949	-0.0946313909	-0.117575886	0.0429236953	0.0360164768	0.0365198999	-0.0061844873	0.0525359501	-0.1019754169	-0.0815122034	-0.0169734614	0.1027538893	-0.0045654707	-0.0124580665	-0.0792641827	0.1525171288	0.0799354232	0.089716577	0.0554666465	-0.0583118087	0.0040750143	0.1348656399	-0.0538511034	0.0555106377	-0.0537574387	-0.0007680862	0.029039355	-0.0102303835	0.2372051213	-0.0648855379	0.1152772406	0.0071829226	0.0222063896	-0.1398788443	0.1098226713	0.0559771756	0.0019845377	-0.1321076073	0.0037722551	0.1098483764	-0.0949069206	-0.0326004763	0.1397128276	-0.1159788912	-0.0743366586	0.104616501	-0.0254829235	0.0124654962	-0.1164320559	0.0003964912	0.0915710325	-0.0665584543	-0.0301207876	-0.0762928516	0.0146462375	0.0545093841	0.0236026457	-0.0687663808	0.0532784965	-0.1806513059	-0.0017510713	0.1248472747	-0.0450606192	-0.0630168947	0.1004142296	-0.0251862796	0.0233319	-0.0110798	0.0005443775576099	0.00012276196804	-0.107559	-0.0106092	0.011568938481	0.0001125551246399	0.194707	-0.011612	0.000134838544	0.0379108158489999	0.00162933	-0.0001583999999999	2.509055999999998e-08	2.6547162489e-06	0.00157491	3.899999999999824e-06	2.4803415081e-06	1.5209999999998625e-11	-0.000408722	-0.000207119	4.2898280161e-08	1.67053673284e-07	0.0
275.07129581997134	-0.01789708257769	0.0003203055647926	75664.21778407818	392.9335857923076	0.1363752804564342	154396.80284360077	0.018598217119571	288.9009630777792	0.6095298313105104	83463.76646726833	0.3715266152574193	299.51990422742875	248.1538517641348	1.195038	23.306053	0.0850191999999999	0.0657789	-0.0894923872	-0.0699161269	0.0174713934	0.0858749611	0.0814657166	-0.0882755527	-0.0859650284	-0.0962620954	0.0878917323	0.0034662309	0.051602389	0.0201157734	0.0187979911	0.115196467	-0.0154337755	-0.0292093995	-0.0283613837	-0.0653421927	-0.0748697745	-0.0107210907	-0.1076754143	0.199988887	0.0407710158	-0.120896976	-0.0128575752	-0.0591040543	0.00783943	0.1838304247	0.0412665293	-0.0258929641	0.0337387735	-0.1868819456	0.0151774125	-0.0138795927	-0.129609879	0.0077930866	0.1341290713	0.1461713335	-0.0422463318	0.0313932038	0.0493431424	-0.0125870527	-0.0020518605	0.0903117082	0.0932026476	0.1849987518	-0.0503776867	-0.1346012446	-0.0338723219	0.0455675506	-0.0493676438	-0.0149513137	-0.0446284216	0.105075001	0.0304553356	-0.0372308087	-0.0080452838	0.0174990421	0.0891657841	0.1566241794	0.0535383679	-0.0394674307	-0.004243761	0.0594646746	-0.0091277608	0.0218437183	0.0064158532	-0.1032364711	0.1550418979	0.0398696371	-0.0129856186	0.0113774237	-0.0989641903	0.1032796496	-0.0705818002	0.0134406762	-0.0008494777	-0.0010524155	-0.0894599252	0.0353025275	0.0635265458	0.0213167821	0.0967047725	-0.0457666345	0.0674679685	0.1920563038	-0.004298795	-0.0476243749	-0.0850685516	0.060146525	-0.0313354472	0.0189543267	0.0804816851	0.1038756973	-0.01507615	0.090659568	-0.0773956693	0.0304526378	-0.1528550541	-0.0182677461	-0.0034613484	0.0345871059	0.0042664847	-0.0017077949	0.1123871844	-0.1417391886	-0.0097161346	-0.1120640856	-0.0923562589	0.0109958833	-0.00332269	-0.0199291057	0.0410090479	-0.0731512219	-0.1014691325	-0.004702124	-0.0220362773	-0.2180100374	0.0989030967	0.0257206884	0.085634953	0.0997473603	0.0858273061	0.0246406513	-0.0843691156	-0.0170701307	0.1422587786	0.0473494219	0.0079789884	-0.0347837565	-0.0238121809	-0.0090083393	0.099565514	-0.011872683	-0.0267491484	0.0439383759	0.0307717936	-0.1671245403	0.0160979063	-0.0304519618	-0.1002919883	-0.1008188082	0.0602826764	-0.0159378917	-0.0659579114	0.0750653708	0.0236113922	-0.0446994193	-0.0389984269	-0.1306739766	0.054920541	-0.1018872392	0.0185375656	0.0693078146	-0.0186810628	-0.0396227923	-0.0799021844	-0.069881454	0.0565197385	0.0346477412	-0.0048960594	0.0009791117	0.0313737667	-0.1195388576	-0.0840891521	0.1037631002	-0.0226444038	-0.0062864599	0.1995047858	0.0737735006	-0.1286267794	-0.0598106282	0.0553046113	-0.0339021661	-0.19191822	-0.0091797293	-0.1310439658	-0.0338801805	0.0300047689	-0.021299067	0.0404661071	-0.0870212399	-0.0084000111	-0.0442412965	0.016394657	-0.0465784425	-0.0603054945	0.1013346856	-0.0317044747	0.0195763	-0.0037555999999999	0.00038323152169	1.4104531359999984e-05	-0.0432514	0.0643075999999999	0.00187068360196	0.0041354674177599	0.184273	-0.0104339999999999	0.0001088683559999	0.033956538529	0.00168192	5.258999999999993e-05	2.7657080999999923e-09	2.8288548864e-06	0.00149706	-7.784999999999997e-05	2.2411886436e-06	6.060622499999995e-09	-0.000408722	0.0	0.0	1.67053673284e-07	0.0
274.3607707849497	-0.7105250350216465	0.5048458253925121	75273.8325457117	394.589476247684	1.6558904553763796	155700.85476542157	2.7419732002065937	288.90780610923133	0.0068430314521492	83467.72043084921	4.682707945510403e-05	300.0680625375222	248.68148592642245	1.18104	23.033049	0.0573486	0.0552767	-0.0462250669	-0.1294813423	-0.0396630273	0.1086006829	0.1852169842	-0.0600408023	-0.0577815624	0.0558836959	0.1552754554	-0.0379915451	0.2820172163	0.1434627317	-0.0167815106	-0.065645042	-0.0792064297	0.0019997539	-0.1257602426	-0.1694971897	0.0420676764	-0.0162802996	-0.0316453622	-0.114451695	-0.0224396954	-0.0642219206	0.1009619143	0.0221783804	0.0385082818	0.0192949222	0.0900131938	-0.0168026554	-0.0873499631	-0.0370159452	0.0138671179	0.047564944	-0.0613605867	0.0327086806	0.0724673839	0.182740215	-0.0949482499	0.0846650833	-0.0017383692	0.1087263534	0.0672563061	0.018800334	0.0514722123	-0.0474870055	0.0176149477	0.0138710037	0.0028926904	0.0975270659	-0.0092913953	0.130372131	-0.0195918496	-0.105076869	-0.0349316261	0.1450565751	-0.0651295029	0.0235802227	-0.0032055661	0.0735584854	0.0684170077	-0.1207486671	-0.0411582477	0.0279871326	0.1013696107	0.0605759704	-0.0564721123	0.0165702195	-0.0519015068	-0.0125611697	0.0255014614	0.0970628592	0.0266205434	-0.0106337127	-0.0493640405	0.1034662955	-0.0565910863	-0.0530185038	0.0337531438	0.0010407449	0.0467310189	-0.0880744809	-0.0261029892	0.06260699	-0.0145249963	0.0837572724	0.0847777076	-0.0552107918	0.0496619339	0.0157079892	0.0796057076	0.0806547135	0.0889327386	0.1063280993	0.0275416499	-0.000801236	-0.0057422415	-0.0190879187	-0.1053850497	-0.0554560829	0.2713799682	0.1647646518	-0.02640448	-0.1385109046	-0.0106877363	-0.0692062172	-0.0110603725	-0.1111966765	-0.0075422315	0.0744352254	0.1311030916	0.0141734466	0.0096109736	-0.0059586429	-0.0752144806	0.0386476037	-0.0090081459	0.0389826524	0.0999669549	0.0840357775	0.0356621804	0.0074550751	0.0078528801	-0.0021772342	0.0267485549	0.0767963273	-0.0928598114	0.040811923	0.004340974	-0.0963256137	0.0784464495	-0.034781406	-0.0900016419	-0.0116650838	-0.1222572721	0.0931451589	-0.1871198046	-0.1019118613	0.0301832512	0.0266049599	-0.0270608386	-0.0036482666	0.0449561483	-0.0378436888	-0.0525473166	-0.1022356615	-0.026287449	-0.0459098709	-0.0052338532	0.0127430433	0.0392043792	0.0079532057	-0.0703056818	0.034953951	0.0651876615	-0.1117216844	-0.0193245451	-0.0350587088	0.0500052351	-0.0103304149	0.0739780142	0.0597788054	0.0840958877	0.0032252847	-0.0972217278	0.0983685005	-0.051494393	-0.0062069212	0.0603662373	0.0401472182	-0.0466884683	-0.1229541041	0.0769558286	-0.0098084841	-0.2373934699	0.0221229499	-0.1814504587	-0.1284272266	0.0487081275	-0.0844318504	-0.0883211463	-0.0317597564	-0.0174635504	-0.1260969573	-0.0673764919	-0.0480835316	-0.0575281511	0.102005852	-0.0380840342	0.0195763	0.0	0.00038323152169	0.0	-0.0432595	-8.099999999996998e-06	0.0018713843402499	6.560999999995137e-11	0.238984	0.054711	0.002993293521	0.057113352256	0.00162933	-5.258999999999993e-05	2.7657080999999923e-09	2.6547162489e-06	0.00149706	0.0	2.2411886436e-06	0.0	-0.000408722	0.0	0.0	1.67053673284e-07	0.0
273.56251583028654	-0.7982549546631503	0.6372109726442682	74836.45006739578	393.9284846504019	-0.6609915972820772	155179.65101896194	0.4369098916775117	288.56737686930273	-0.3404292399285964	83271.1309932302	0.1158920673983618	299.84568761184386	242.55602363526444	1.124408	21.928591	0.07586685	0.0384095	0.1077001413	-0.1649786402	-0.0822797257	0.0262570714	0.1577498813	0.0188422506	-0.0050776341	-0.1330899431	0.1342533865	0.0030808364	0.2282934039	0.1583020884	0.186106804	-0.0295832614	-0.049448243	0.0723919781	-0.0715218414	-0.042697187	0.0111650433	-0.1225781594	0.076702279	-0.0203148451	0.1166858976	-0.088691288	0.0604318857	-0.0830065037	0.0312341985	-0.1027377425	-0.0726901045	-0.1022547236	-0.0343572327	-0.1202722903	0.1352915581	0.0271549491	-0.0226377951	0.0031987848	0.1294547959	0.1226413508	-0.0378729067	0.0392062063	0.0515183345	0.0585654199	0.0221718354	0.0786700737	-0.0887200813	-0.0829048341	0.0249026592	-0.0186387596	0.1215288715	0.110904948	0.0739418545	0.1094881877	0.0941580052	-0.1149045873	0.0784549715	0.103822359	-0.0975314518	-0.0168761111	0.0964013309	-0.1065127771	-0.0155931407	0.0544876833	-0.0447397534	0.0541620399	-0.0472529239	0.0044358209	0.059890851	-0.1206261516	-0.0597987808	-0.0789691494	0.0749933305	-0.0960259592	-0.1477536114	0.1214527787	0.0635461016	-0.0060417193	-0.1476260378	0.0166194656	0.0344441111	0.2280924264	-0.0414473858	-0.0781146773	0.1359301074	0.0246848772	-0.0599467495	-0.0777489996	-0.1039662471	0.0710521324	0.0503573883	-0.0070624847	-0.1683416131	-0.0242114483	-0.0709624957	0.0044248983	-0.0627956979	0.0253467108	-0.0217495508	-0.0178020596	-0.1519162458	-0.0774008726	0.2519305269	0.1195923137	-0.1155463596	-0.1654359328	-0.0671842054	-0.0480948066	-0.0571678305	-0.086455061	0.1545588798	0.1836419962	0.1148971711	-0.0737869455	0.0084383991	0.0654335351	0.0843517773	0.1027838542	-0.0170127451	-0.0239186066	0.0802996394	-0.0224342189	-0.1484174711	0.0847996572	-0.0697850876	-0.0715768499	-0.0243685931	-0.0007235432	-0.0479641718	0.0630778662	0.0063367766	0.033534894	-0.029986588	0.0661408746	0.0504479221	-0.1790183265	-0.0139867654	-0.0087010003	-0.0128088866	0.0090493173	0.0382696008	-0.0345434343	-0.0313253141	-0.044667619	-0.0598922729	0.0024553657	-0.0361218534	0.0208228151	0.0562940153	0.0275290255	-0.0648482749	0.0045557538	-0.0433109203	0.0415771259	-0.0112139258	-0.0521487648	0.0502062988	-0.1612807905	-0.1903705962	0.164193939	0.0242338348	0.0916353554	-0.0424949537	0.1040284689	0.049283211	-0.1016968577	-0.0992180528	0.0587170838	-0.0248049104	0.0670637285	-0.0174191843	0.0069670465	0.0382883676	-0.1390649191	0.0846736089	-0.053989025	-0.0934897705	-0.0520612526	-0.032879345	-0.1589406684	0.0924026998	-0.0617586359	-0.1212403097	0.0805900652	0.0435899837	-0.2446263819	-0.0592442853	-0.0495754752	-0.0546879015	0.1024260777	-0.0442970619	0.0325185	0.0129421999999999	0.00105745284225	0.0001675005408399	-0.0432486	1.0900000000001188e-05	0.0018704414019599	1.1881000000002588e-10	0.265569	0.0265849999999999	0.0007067622249999	0.070526893761	0.00169761	6.827999999999999e-05	4.662158399999999e-09	2.8818797121e-06	0.00192299	0.00042593	3.697890540100001e-06	1.8141636490000013e-07	-0.000176357	0.0002323649999999	5.3993493224999996e-08	3.1101791449e-08	0.0
273.2129673840764	-0.3495484462101217	0.1221841162479103	74645.32554681241	392.531657304056	-1.396827346345901	154081.10198586888	1.9511266354997323	288.28916458245544	-0.2782122868472925	83110.64241565009	0.0774020765528001	299.6004986321171	237.80353726649443	1.062483	20.720921	0.08728165	0.0509725	0.1575491668	-0.2232337717	-0.0842153725	-0.0369535412	0.0758835214	-0.0620422227	0.0142855969	0.0088953488	0.1255805717	0.137821364	0.1167314715	0.1092839429	0.0948292531	-0.1494858381	-0.0508078868	0.1003782911	0.0100903955	0.0191499348	0.1475259857	-0.2076692273	0.0439323214	-0.0333049552	0.0350156572	-0.1561687111	-0.0721189098	-0.0763134877	0.0029552759	-0.0590082835	-0.0107962739	-0.0120965947	-0.012689092	0.0228178233	0.0817329989	-0.1522505909	-0.0030923474	-0.0737823639	0.0106789975	0.1096548441	-0.0105636573	0.062134122	-0.1440811299	0.0460975358	0.002762277	-0.0479960405	0.0322219949	-0.0958195649	0.096678181	0.0001757468	0.032798831	-0.0497065478	0.0477366064	0.2223506651	0.077940595	-0.102552641	0.0898306653	0.0089399252	0.1084671897	0.0723225127	-0.0116252634	0.066345189	0.0174648959	0.0607425201	0.0958803246	0.0542671273	0.0760626833	0.0811481972	0.0917696276	-0.0306863593	0.0041824684	0.0643503448	0.0268587406	-0.1426837233	0.0449389552	0.0340274566	-0.1539204312	0.0966354098	-0.0083138101	0.0566532084	-0.1390463651	-0.0742270262	0.064682462	0.0876293857	-0.1635741389	0.0218819535	-0.0887453496	-0.1419357806	0.1234299224	-0.0309275998	-0.0257755699	-0.0563064581	0.0291326176	0.1164771802	-0.0046984108	-0.059215235	0.0310457589	0.0285369889	-0.0052087093	0.0362114946	-0.0935287381	0.0212326273	0.2643529037	0.0464727691	0.002684152	-0.1334546249	-0.1758398713	-0.070674228	-0.0048406265	0.0353715807	0.0275466895	0.080550854	0.1416394829	-0.0218013401	-0.008535226	0.0286735751	-0.1178026922	-0.0115590406	0.0274527634	0.2135008013	-0.104119533	-0.0293659079	0.0712519025	-0.0587141306	0.0274024185	0.042835081	-0.134369653	0.0040289601	0.039648304	0.0178904493	0.0181776241	0.1541248013	0.0171322091	-0.0084111722	0.1600748354	0.0932004225	-0.0367625568	-0.0851475688	-0.0218171566	0.1265561594	-0.0092200696	0.0537228432	0.0883506661	-0.0259610865	0.0545419351	0.0496137757	0.0661373123	0.0781853751	0.0317072034	-0.0797534734	0.0475639041	0.0001841489	0.0150217735	-0.0577979383	0.020809393	0.0360792034	0.0306764132	0.1546796761	0.0772237173	-0.0697764303	0.1246355968	-0.0893254526	0.0142246506	0.13454899	0.1161747739	0.0317344854	-0.0969137238	0.1090149975	-0.0139740525	0.0746979643	-0.0800936797	0.0605143665	0.1313718287	-0.0985467695	-0.0133745078	0.0319752699	-0.0308001274	-0.0792657529	0.0127045655	-0.0672634191	0.0948030733	-0.0276554586	-0.1813469545	0.090342417	-0.0227897526	-0.0559055296	0.0195347173	-0.0510538654	-0.0517878515	0.102594329	-0.0503163898	0.0359726	0.0034541	0.00129402795076	1.1930806810000012e-05	-0.0671919	-0.0239433	0.0045147514256099	0.00057328161489	0.295456	0.0298869999999999	0.0008932327689999	0.0872942479359999	0.0011888	-0.00050881	2.588876161e-07	1.4132454400000002e-06	0.00193514	1.2149999999999836e-05	3.7447668196e-06	1.47622499999996e-10	-0.000255342	-7.898499999999998e-05	6.238630224999996e-09	6.519953696399999e-08	0.0
273.1341619894179	-0.0788053946585023	0.0062102902272823	74602.27044566159	391.9197158762853	-0.6119414277707165	153601.0636925482	0.374472311022063	287.6356134094351	-0.6535511730203325	82734.246101422	0.4271291357562526	298.83747638433994	236.9056358226064	1.123359	21.908146	0.085022775	0.044811	0.2040486224	-0.1907063302	-0.0575098627	-0.0424231568	0.1006714846	0.0257802483	-0.0089619089	-0.1526605115	0.0653003271	0.1839661822	-0.0503257064	0.0471836498	0.2150363204	-0.0647777616	-0.0984539465	0.0201369415	-0.0203695653	-0.0708147319	-0.028198493	-0.0004553347	0.1634803353	0.0256760029	0.0374220451	-0.0603316901	0.0192294708	0.0101846511	-0.1369799805	-0.043002203	-0.0236740061	-0.0294588187	0.0490566253	-0.0706848217	0.0491221451	0.0079358337	-0.0039776727	-0.1658675403	0.0802819683	-0.0832722402	-0.0060331915	0.0787508423	-0.0385100772	0.0551374021	0.0356793348	-0.0431198894	-0.1209650724	0.0680014869	0.0006350925	-0.1700404341	-0.0414441508	-0.0052728791	0.0494805476	0.0559695246	0.0277130167	-0.0142298542	0.0348802958	0.0839000816	-0.1646958411	-0.0927821638	0.0261908607	0.0214589967	-0.0590381664	0.119133375	0.0073059576	0.0387095011	-0.0750625316	0.1396153962	0.032686574	0.0763662277	0.023168169	-0.0144876355	0.0320495144	-0.0015584005	0.0593557435	0.0186449302	-0.0666761753	0.1037078672	0.0590977641	0.0866647866	-0.0358744198	-0.0497866424	0.1085209022	-0.0119531441	0.0337462598	-0.0384469163	-0.0348026714	0.0298099298	-0.0819566559	0.1028024685	0.174978064	0.0193075549	0.1460245815	-0.0689987094	-0.0653036272	-0.0177494288	0.0544555682	0.1482564877	0.0612635616	0.1382328304	-0.0873411439	-0.0079408488	0.0127236241	-0.0908320486	0.0408388782	-0.1058572655	-0.0893167923	-0.0393281058	-0.0490510153	-0.0041320324	0.1388550542	-0.0143974235	0.0868529422	-0.0190577281	-0.1435515521	-0.0022108407	-0.0311280264	0.0701380268	0.0463470779	-0.1374506055	0.0769275429	-0.0223849272	-0.0451535176	-0.003588161	-0.1058104429	-0.0539992791	-0.0176168883	0.0734082738	-0.0438885254	-0.1107829705	-0.0519027157	0.1622886035	-0.0139674033	-0.0155700638	0.0611682881	-0.0209386793	0.0494629549	0.0081966077	-0.089754592	-0.0030188831	0.017405342	0.0549286709	0.0525488432	-0.0987976139	0.0131392422	-0.1564360254	0.0387692472	0.0961356879	0.0687426896	0.0609982695	-0.0099857636	0.0747965554	-0.1866702593	0.0366832502	-0.1090853573	-0.006036859	0.00547059	0.0527376272	0.179965978	-0.0944976724	-0.1485901966	0.0847583617	-0.0386783022	0.1532853288	0.0352093454	-0.1292078342	-0.1262767781	0.0750187123	0.0327718383	0.0195315086	-0.0960716045	0.0969991313	0.1149836461	-0.0570220683	-0.0291134526	-0.0402582317	-0.0382986491	-0.0916254653	0.0748201607	-0.0630734925	0.0978655463	-0.044127767	0.0322357401	0.0662357124	0.0208013283	-0.0068839852	0.0574796015	-0.0525182979	-0.0488311722	0.1025101919	-0.056115697	0.0192745	-0.0166981	0.00037150635025	0.00027882654361	-0.0997769	-0.032585	0.00995542977361	0.001061782225	0.291552	-0.003904	1.5241216000000143e-05	0.0850025687039999	0.001193	4.199999999999994e-06	1.7639999999999948e-11	1.423249e-06	0.00239551	0.00046037	5.7384681601e-06	2.119405369000001e-07	-8.31985e-05	0.0001721435	2.963338459225e-08	6.921990402250001e-09	0.0
273.3146945330443	0.1805325436263842	0.0325919993082123	74700.92224769131	391.9590725008465	0.0393566245612078	153631.91451572385	0.0015489438968518	287.5700906887917	-0.0655227206434005	82696.55705875989	0.0042932269205131	298.6910742197361	233.0143790583328	1.140561	22.243629	0.070575225	0.0329455	0.1797122592	-0.1913520732	-0.0116910094	-0.0851375366	-0.0501243149	0.0127123297	-0.0982531164	0.0695662609	0.0642951415	0.2174323518	-0.0584626775	-0.0451163096	0.0139750131	-0.0449409844	0.0372750976	0.0868954038	0.0536080277	-0.0463431309	-0.042852762	-0.120981386	0.0611069212	-0.0293529374	0.009980601	0.1316796164	-0.0190334168	-0.1075573179	-0.0096975741	-0.1077938708	0.0845943347	0.0584418427	0.0133366411	-0.0444468337	-0.0149118932	0.0819045102	0.0390680699	-0.2172065238	0.0486123433	-0.05032056	0.1067448631	0.1416303206	-0.0716812699	0.049707308	0.0551667069	-0.0797287045	-0.0538318562	0.1265010471	0.0618702453	-0.1106740883	-0.040808524	0.0967829673	-0.0846518677	0.0492535333	-0.0426641983	0.067980368	-0.1110820805	0.0475678252	-0.0384916502	0.0791681225	-0.0652462471	0.0340388774	0.0602642559	-0.0877103495	0.0579331342	0.0505838921	-0.0017321328	0.0214275418	-0.0586776556	0.0197425763	0.0563883211	0.0569509837	-0.1009662356	-0.053416771	0.0420351262	0.0730653179	0.0862876187	0.1012753184	-0.0751349065	-0.0228709144	0.0365328776	0.0522495901	-0.0134548905	0.0010409661	-0.0976820895	-0.0282351049	-0.1016295173	-0.0693944654	-0.0476401384	0.040243287	-0.0140702508	0.1515407334	-0.0906010386	0.0745649129	0.0194689967	-0.0157413283	0.0133012042	0.0262398454	0.0518697263	0.1621656886	-0.1102991916	0.0226440342	0.047949956	-0.2344219023	0.074245976	-0.046640144	-0.166887228	-0.0648920106	0.0466056277	0.0267846983	0.077842867	-0.0199041434	-0.0702628613	0.0536303971	-0.0912000406	-0.0265711507	-0.0245874135	0.0313088863	0.077057551	-0.0259408495	0.0804280588	0.1205342891	0.0238704433	0.0920307285	0.0215465355	0.0988024296	-0.0526692614	0.0741806797	-0.0509969776	0.0198063646	-0.0654510844	-0.0661961251	-0.0295566764	-0.0158626935	0.0489822891	0.0250903349	-0.0751476627	-0.0869575817	-0.123052881	-0.0611641639	-0.018615083	0.126591532	-0.1039516095	-0.0156446681	0.104145078	-0.0239945861	-0.0540826142	0.0115300481	0.0142450514	0.0807270657	-0.1133385065	0.0792242835	0.1249088023	-0.0330733655	0.0727788513	-0.10690942	-0.0666802481	0.0317479692	0.0070468734	0.1340757556	0.140444072	0.0415473563	-0.0022128466	0.164408409	0.120431298	0.0553268521	-0.0975267708	0.1050770485	0.0745810356	0.1090250619	-0.0687729787	0.1318065681	0.056686575	0.0457690527	-0.0215457241	-0.0278393254	-0.0341350997	-0.0799777957	0.1884582734	0.0409054039	0.0523878429	-0.0461516114	-0.0143224075	-0.0153696356	-0.0577347609	0.0330151569	0.0701293483	-0.0539683725	-0.0458210968	0.1021738733	-0.0616696245	0.0288467	0.0095722	0.00083213210089	9.162701284e-05	-0.0795844	0.0201925	0.00633367672336	0.00040773705625	0.300147	0.008595	7.387402500000034e-05	0.090088221609	0.00108689	-0.0001061099999999	1.1259332099999992e-08	1.1813298721000002e-06	0.00198631	-0.0004092	3.945427416099999e-06	1.6744464000000018e-07	-0.000212199	-0.0001290005	1.664112900025e-08	4.5028415601e-08	0.0
273.4302366506079	0.1155421175636206	0.0133499809310855	74764.09431480746	392.1730793472978	0.2140068464512978	153799.72416474193	0.0457989303280293	287.6132971634274	0.0432064746356672	82721.40870521798	0.0018667994504425	298.5819785899329	236.3762600765484	1.104179	21.534084	0.0601451499999999	0.037461	0.1935851492	-0.1568153451	-0.0227209475	-0.0337525777	0.0801575951	0.0235518192	-0.0158326775	0.0045834382	0.018254683	0.2011836344	-0.070971605	-0.0187121404	0.0811961734	-0.0635391777	-0.0511854927	-0.0549532209	-0.0418200372	0.0910048093	-0.0628171211	0.0840563707	0.0404443359	-0.0495445482	0.0038376833	0.0835210891	0.0134410534	-0.0330946103	0.088058262	-0.0278777401	0.0157927184	0.0298882316	0.0550086372	0.0354517042	0.0222491844	-0.0452463061	-0.0811906809	-0.1416027635	0.0042566567	-0.0564580615	0.0001764894	0.1236906158	0.0113730269	-0.0141728345	-0.0064638346	-0.0295672222	0.056532377	0.0375971078	0.0378418603	-0.0877353357	0.1066377818	0.0507826993	0.0329996918	0.1928496771	0.0943766088	-0.0051262692	-0.092226073	-0.016824441	-0.1083071814	0.0390294412	0.0523408294	0.0787255722	-0.0061531505	0.0400475233	0.0473503406	-0.0007787472	-0.0750149461	0.0160370465	-0.1532079537	0.040612922	-0.0490728106	-0.0237723745	0.1375944758	0.1162204532	0.0449003318	-0.0688898251	0.0476755545	0.1084867005	0.0142770462	0.0179190628	0.0780416037	0.1000997242	-0.0042040816	0.0841788114	-0.0022240548	0.0053445345	0.0111956135	0.0403862077	0.0177685785	0.0949927624	-0.1190511695	0.0294081877	0.0721860533	-0.0057086347	0.0519119302	0.0672097679	0.0498398015	-0.0285614614	-0.0766083458	0.1486218856	-0.0307043876	-0.0066016673	-0.0386541153	-0.0868467413	0.1192986091	-0.0678708076	-0.066100359	-0.0489916162	-0.0442090956	0.0465197953	0.0641829574	0.0459728189	-0.0215561564	-0.1193070014	-0.0314896435	0.0105987686	-0.0295294665	0.0515548754	0.0475438882	-0.0736440976	0.1352899255	0.0241196179	0.0459662589	0.0322625205	-0.1257537142	-0.0829586022	0.0550375889	-0.0395823988	0.0733362142	-0.0398967976	-0.084723153	-0.0710099546	0.0347469625	0.0036091894	-0.0759937479	0.0442694354	0.1188893018	0.0366108524	-0.0441673318	0.0116678803	0.0764742326	-0.0496384307	0.128473322	0.0861784497	0.1266286492	0.036670132	-0.0308165653	-0.0117450901	-0.1184192139	-0.0518470342	-0.0089054329	0.1657491907	-0.0005504252	-0.0701223938	0.1058337404	0.066935626	0.075332974	0.020770472	-0.0252591245	-0.0600451091	-0.1087756236	0.0345690913	0.0052161832	0.1768749338	0.0277463384	-0.1244330087	-0.0739581334	0.0944067348	0.1006498684	-0.0154545667	-0.1385971475	0.0599148307	-0.0034607234	0.0330457882	-0.009945224	-0.0086235028	-0.0188889893	-0.0246378999	0.1313805728	0.111919898	0.0333636873	0.0622301903	0.0072475947	-0.0174209923	-0.1008803942	-0.0346321812	0.0891239028	-0.0554036926	-0.0427609166	0.1015862008	-0.0669538864	0.0308968	0.0020500999999999	0.0009546122502399	4.202910009999996e-06	-0.114464	-0.0348796	0.013102007296	0.0012165864961599	0.287974	-0.0121729999999999	0.0001481819289999	0.082929024676	0.00121286	0.00012597	1.5868440899999997e-08	1.4710293796000002e-06	0.00193881	-4.74999999999998e-05	3.7589842161e-06	2.256249999999981e-09	-0.000259578	-4.737900000000001e-05	2.244769641000001e-09	6.7380738084e-08	0.0
273.86592961129537	0.4356929606874473	0.1898283559925935	75002.54740185899	392.57034827746185	0.3972689301640457	154111.47834668768	0.1578226028736854	287.9544671916052	0.341170028177828	82917.77517560124	0.1163969881268599	298.99005599337806	236.18112054408616	1.052705	20.530222	0.09767885	0.0424762	0.1744507767	-0.0968248533	-0.0593641062	0.0173053962	0.0182023767	0.0022018232	-0.0796695308	0.0605943624	0.0001566975	0.2153280331	-0.0137909801	-0.0817664033	0.0155376337	-0.017875904	0.0841496694	0.0441514638	0.0828739864	-0.0581481066	-0.026906716	0.0296110566	-0.0930644175	0.1302998569	-0.0233768759	0.068379037	-0.0699679609	-0.0293232744	-0.129532943	-0.0802871986	0.0051587253	-0.0480126969	-0.123315957	-0.0051187856	-0.0980566772	0.1323156036	0.0073353078	-0.120427007	0.1836199325	-0.0206661501	-0.0856686386	0.0153828538	-0.058795404	0.0068230852	-0.077376602	0.0477174628	-0.068006167	0.0515452679	-0.0938625273	-0.0022147971	-0.064298544	-0.0086141519	0.0844412419	-0.0155461681	-0.1583796071	-0.0503230919	0.0260590375	-0.0490809748	0.0026836874	-0.1061199873	0.0080755236	-0.0237232028	0.0954623596	0.0105203722	-0.0828465283	0.1021483146	0.1007797612	-0.131890672	-0.1539612502	-0.0655966688	-0.0518136449	0.0206937896	-0.0101176756	0.0173311987	-0.0027724331	-0.153743074	0.1339148799	-0.016537821	-0.063218338	0.0395799751	0.0506617477	-0.0124795605	0.063032784	-0.0574155821	-0.0183045295	-0.0113881121	0.0495818577	-0.0693921279	0.062015497	0.0494518272	-0.0072952465	-0.14859672	0.0092122627	-0.0454501056	-0.0776864649	-0.1008174388	-0.0764163889	-0.0211019222	-0.0720188558	0.1699652375	-0.0530586509	-0.1162779132	0.0015173139	-0.1339006777	-0.0467948718	-0.0158740951	0.0941606374	-0.0129065954	-0.0140398414	0.0119504238	-0.0352275066	-0.1259601387	-0.0420334793	0.0475028769	0.0766813125	0.0669697024	-0.040123929	-0.0695425374	-0.0277496043	-0.0812783555	-0.0378531467	-0.0839737962	-0.066510738	-0.0015073372	0.0125769926	0.0452024996	-0.0038352701	-0.1052657347	-0.1172697714	0.1056970151	0.0862658804	0.0409113352	0.0680246919	0.0378040884	0.0099581043	0.107280267	-0.0683102353	0.1676048422	-0.0805764635	0.1286327519	-0.0567547695	-0.0861391085	-0.0359638971	-0.0963006598	0.0372793654	0.0579024408	-0.1015399052	0.0474176711	-0.0088869012	0.066582424	0.1846324786	-0.0001871121	-0.0352765508	-0.0082837058	0.0249166488	-0.1009204768	0.024512411	0.1347392498	0.0038018674	0.0186099738	-0.0293737629	-0.0826732857	0.1052006144	0.1388476658	0.0519576185	-0.0203712316	-0.0340912506	0.0766544297	0.1264439784	0.1677262087	-0.0477951994	0.0568817358	-0.0195205998	0.1007749003	-0.0624864308	0.0709113182	0.0773590643	-0.080679696	0.0438248118	0.103496186	0.091186783	0.0373278337	-0.0072534007	0.0335762044	-0.0477445672	0.0049784776	0.0128580528	-0.0568238659	-0.0396539781	0.1007486199	-0.071945376	0.0193142	-0.0115825999999999	0.00037303832164	0.0001341566227599	-0.0927872	0.0216767999999999	0.00860946448384	0.0004698836582399	0.273693	-0.0142809999999999	0.0002039469609999	0.074907858249	0.0007318599999999	-0.0004810000000001	2.3136100000009625e-07	5.356190595998536e-07	0.00239551	0.0004567	5.7384681601e-06	2.0857489e-07	-0.000324647	-6.506900000000001e-05	4.233974761000001e-09	1.0539567460900001e-07	0.0
273.782002492711	-0.0839271185843699	0.0070437612338748	74956.58488891882	394.0356128832192	1.4652646057573406	155264.06422025416	2.1470003648852147	288.1325249071581	0.1780577155528817	83020.35190937408	0.0317045500679109	299.40619349098995	239.32679872423915	1.087147	21.201929	0.1426442	0.0851786999999999	0.1262136319	-0.071668997	-0.1128133953	0.0468331292	0.0017325265	-0.0286900603	-0.0174593558	0.0885002866	-0.025914738	0.0595201341	0.0573809916	-0.0785083495	-0.0087331893	-0.0870000809	0.0719943831	-0.0083351542	0.0377902715	-0.0036755301	0.0424379361	0.0443940847	-0.0437277992	-0.0281810611	-0.0598821644	0.1609848587	-0.1116694809	0.0285965578	-0.0746420067	-0.0241859909	0.0222189026	-0.0116794996	-0.1910920243	-0.0034606422	0.0145151932	-0.0348243624	-0.0049667704	-0.0761585782	0.0263794865	0.0394276962	-0.0007297282	0.0779192097	-0.0026356608	-0.0754449241	-0.1256036912	0.0288862121	-0.0726385436	-0.1926945693	-0.0830772261	0.0962088824	0.1130127098	-0.0337141809	0.0498896652	0.0128832305	-0.0111853441	-0.0755850557	-0.0155519969	0.0048798834	0.0047819385	0.1068777342	-0.0744429032	-0.0745656343	0.0873899331	-0.0616632819	-0.0748492154	-0.0812996688	0.083712893	-0.0516185172	0.0508518037	0.052907865	0.0298382468	-0.044485107	-0.0981463898	0.0037083245	-0.0633454891	-0.022205373	-0.1478422707	-0.1555076522	0.1032624317	0.0391100039	0.1143682874	-0.0388557606	0.0001104981	-0.1380745133	-0.1520196619	-0.0446862156	0.1168387184	-0.0607526034	0.0332333549	-0.0271858571	-0.0203247019	0.0512694372	-0.0715481565	0.0346816238	0.0093021836	-0.0027860672	0.0533641846	-0.0864673797	-0.0785921517	0.0323030446	0.0801676605	-0.0185085382	0.0814202184	-0.1107586543	0.0485314113	-0.2021776355	0.1177904565	0.0497240437	0.0697184846	0.0872751039	-0.0844537464	0.1005478826	-0.0149308977	0.015079855	0.0094510306	0.1371004985	-0.0295570955	-0.0341169956	-0.0007726246	0.2021117287	-0.0193710679	0.0209481922	0.0610301165	0.0078894607	-0.0028574724	-0.0269275821	0.079468569	-0.0658881871	0.0608788627	0.0544158469	0.055725582	0.0339081557	-0.0023688354	-0.0244578771	-0.0819088541	0.0250027125	0.0184238924	0.0160128723	0.0651659034	0.0105105951	-0.0024701138	0.0729345821	0.0863488425	-0.0137405852	-0.0934594059	-0.0138013448	-0.1102884858	-0.1346216154	-0.0341336244	0.0455251915	0.1007015457	-0.0967180307	0.1388922596	0.1508956075	-0.0141541536	-0.0088443213	-0.0808487982	0.0074265403	0.1025840491	0.0660939773	-0.0797142075	-0.0564226676	0.1275998832	0.0766631712	0.0784918542	0.011756506	0.0059637934	0.1385400357	0.1195098214	-0.0319781011	-0.1222943297	-0.0161816998	0.0007095117	0.0283352762	0.0148695526	-0.0825701753	0.0828663843	0.0676436345	-0.0487361102	0.0999961385	0.0347110585	-0.0454735662	-0.0949363372	-0.0263931025	0.0388505991	0.0101739909	-0.0952071871	-0.0582285042	-0.0365036785	0.0996631912	-0.0766222668	0.0194091	9.489999999999846e-05	0.0003767131628099	9.006009999999707e-09	-0.10907	-0.0162828	0.0118962649	0.00026512957584	0.213853	-0.05984	0.0035808256	0.0457331056089999	0.00157776	0.0008459000000001	7.155468100001693e-07	2.4893266176000004e-06	0.00191288	-0.0004826299999999	3.6591098944e-06	2.3293171689999997e-07	-0.000324647	0.0	0.0	1.0539567460900001e-07	0.0
273.78878002576585	0.0067775330548442	4.593495430950708e-05	74960.2960679972	393.4837880754178	-0.5518248078013812	154829.4914781803	0.3045106185050313	287.82402364077086	-0.3085012663872248	82842.66858476303	0.0951730313625214	299.00286193374507	236.0964072806884	1.035536	20.195395	0.0628573999999999	0.0457438	0.1425689201	-0.0374686725	-0.1559338566	0.0438083634	-0.0455658327	0.0001380216	-0.0173337774	0.034466494	-0.0135707748	0.0413304007	0.0842900615	-0.1116254203	0.1565330956	-0.0314278104	0.0912243932	0.045616686	0.0357972731	-0.0690148235	0.0549672734	-0.0282085163	-0.1447842835	-0.0460238294	0.0242725394	0.1601744011	-0.0044876744	0.147774935	0.0716173	0.0400192461	0.1588704917	-0.0699121789	-0.1214288612	-0.0196438002	0.0458721142	0.0131873773	-0.0901196341	-0.0355296055	0.0932663381	0.0074572021	0.0399034395	0.0693847872	0.0417834212	-0.0277670084	-0.1038596439	-0.1216481662	-0.0861578868	0.0688955994	-0.1153525635	0.0063370677	-0.0224214094	0.0039099587	-0.1111660041	-0.0544194302	-0.0298710488	-0.0473198561	0.0590947445	0.008722285	-0.0141431727	-0.1233199508	0.1238196622	0.0085662292	-0.105772663	0.0180626056	-0.0438351739	-0.0072664021	-0.1537548278	0.1167545729	-0.0648383017	-0.138967783	-0.040260526	-0.1113064494	-0.0164032482	0.0138948394	-0.0996334807	-0.0446509248	0.0487822646	0.0121956819	0.218169984	-0.0030401034	-0.0029502185	0.0011787645	-0.0178670444	0.0410997978	0.1006185143	0.1321185367	0.0731120548	-0.0090843053	-0.0397096814	-0.0989193167	-0.0172851408	0.0505946489	0.0591262858	0.0076823771	-0.1533109175	-0.0664492026	0.0577296145	-0.0403045543	0.0472850448	0.0131875013	-0.0188192755	-0.0908233177	0.0240518223	-0.1457832298	-0.0677769809	-0.0680758276	0.086238321	-0.1163029871	-0.1378302529	-0.0023868551	-0.0817232602	-0.0385968328	-0.0946743661	0.040513388	-0.122394023	0.0139739357	0.1615149235	-0.0984628705	-0.0327060484	-0.047178577	0.0436919921	0.0165458073	-0.0421114186	0.0601947996	0.1086639558	-0.073631664	0.1109618771	-0.0668651333	0.0238422239	0.0167783252	0.0487073059	0.0755071728	-0.0063398717	0.0402703744	-0.0644071465	-0.1321071072	0.1629877196	-0.0671677243	0.0250595722	-0.0426344315	0.0082003821	-0.1547326957	0.0284236529	0.0314249193	-0.0195558044	-0.0494407679	0.0374753523	-0.0317257931	0.0793021215	0.0052925928	0.0835097433	-0.025490634	0.0202921356	-0.0553854686	-0.0453231651	-0.1423680462	0.0486617702	-0.0799563143	-0.0647780716	-0.1105411662	-0.0228357719	-0.086081369	-0.104404384	0.0285794922	-0.0032788728	-0.0853040496	0.0256560227	0.10039806	0.1476721542	0.0925825927	-0.0630436949	-0.0064153327	-0.0163155996	0.070759705	-0.0286220607	-0.0261412062	0.0796527297	0.0085007202	-0.0600182485	0.057479394	0.0269810407	0.035926389	-0.0240160199	0.0055401801	0.0500340381	0.023053499	-0.0139833847	-0.0596172234	-0.0333134626	0.0983325849	-0.0809641079	0.019387	-2.209999999999712e-05	0.000375855769	4.884099999998728e-10	-0.0901667	0.0189032999999999	0.00813003378889	0.0003573347508899	0.172554	-0.0412989999999999	0.0017056074009999	0.029774882916	0.00160138	2.3619999999999804e-05	5.579043999999908e-10	2.5644179044e-06	0.00188384	-2.9040000000000145e-05	3.5488531456e-06	8.433216000000081e-10	-0.000324647	0.0	0.0	1.0539567460900001e-07	0.0
273.9207667329002	0.131986707134331	0.0174204908601636	75032.58644753991	394.195577176494	0.7117891010761923	155390.15306550925	0.5066437244108539	287.76088996223115	-0.0631336785397138	82806.3297918553	0.0039858613659559	298.99993990447297	238.3003979721599	1.040398	20.290207	0.0487585999999999	0.03153	0.1123876994	-0.037070598	-0.1045047093	0.0523516515	-0.0185621185	-0.0817896861	-0.0899975609	0.0357696968	-0.0171167245	0.0524517826	0.054341534	-0.0729353483	-0.00974723	-0.0798665006	0.0951340807	0.0365011965	-0.0154588723	-0.0090653838	0.038501782	-0.0003068353	0.0720991295	-0.0242269091	-0.1557320011	0.1983348556	-0.0171507945	-0.0847499413	-0.1115256336	-0.0177493254	-0.1065218664	0.021224723	0.0056856591	0.0185563473	0.0560837858	-0.0393311399	0.0440629755	-0.070932035	0.0744391749	0.0335422496	0.000221412	-0.0201463376	-0.1486055583	-0.1034396167	0.0104934194	-0.0107838211	-0.1235773576	0.0617020661	-0.0529265294	0.0428079667	0.0619404932	-0.002025016	-0.0305614432	-0.0759083937	-0.0191291665	0.0003104981	-0.0498564335	-0.1601263605	0.095689815	-0.0216341554	0.0045565167	-0.1438986415	0.0073734586	0.0013004808	0.0905255535	-0.0038162275	-0.139789093	-0.0648260864	-0.0200317583	0.045280222	0.0328764309	0.1148347196	-0.0376041713	0.0353637391	0.0039935552	0.1134002919	-0.1239531134	0.1530078496	-0.0497065903	0.0118944949	-0.0589283235	0.0888770072	-0.1430365647	-0.0163711412	-0.026640232	-0.1087123139	-0.0135733456	0.0675736644	0.0815555725	-0.1382321916	-0.1379488507	0.045634156	-0.1241349221	0.0316457441	-0.0065527696	-0.1241818013	-0.1043423888	0.0082402549	0.088767243	0.0365596119	0.004895377	-0.0378096321	0.1197785266	-0.152895855	-0.067298091	0.0443010277	0.1193370639	-0.0843286861	0.0592962855	0.1238265398	0.0912393217	-0.0833643691	-0.0414848805	-0.0239778158	0.0072756825	0.0750632948	0.0486642808	-0.0258690694	0.0909006802	0.0042040727	-0.1688147593	0.0143679555	-0.0134988099	-0.0570566808	0.0033235965	0.0114461918	-0.0154581125	0.0736730094	0.0150283245	0.0305957254	0.0158817695	-0.136100625	-0.0639143207	-0.0762093595	0.0379436283	-0.0551790538	0.0816631585	-0.0739507833	0.0431475335	-0.0592196789	0.0239688466	-0.0913873875	0.030413425	-0.0958134394	0.0836006254	0.0606653198	0.0348639535	-0.0149477359	0.006490602	0.0632711661	-0.0898934492	-0.058460652	0.1493823373	0.0125063703	0.0313493952	0.042996509	-0.1566159686	0.0380568235	-0.0432950811	-0.0216885369	0.0264762051	0.1172358999	-0.1147726883	0.0601917356	0.0766773114	0.0837308024	0.0360737194	0.1115508937	0.11450106	0.1014692722	-0.0432270163	-0.0636480885	0.0233706025	0.0475544828	-0.0481796654	0.0517043404	0.021369344	0.0034938912	-0.1095390379	0.0522623655	-0.0097086715	-0.0008553734	0.0082262072	-0.0981764025	0.0265359272	0.1077042688	0.0320464667	-0.0609896438	-0.030086819	0.0967600744	-0.0849519136	0.0145686	-0.0048184	0.0002122441059599	2.3216978560000025e-05	-0.0870516	0.0031150999999999	0.00757798106256	9.703848009999973e-06	0.199744	0.0271899999999999	0.0007392960999999	0.039897665536	0.00140453	-0.0001968499999999	3.8749922499999977e-08	1.9727045209e-06	0.00188384	0.0	3.5488531456e-06	0.0	-0.000400499	-7.5852e-05	5.7535259040000014e-09	1.6039944900100002e-07	0.0
274.02433425466114	0.103567521760965	0.0107262315637079	75089.33576371026	392.76767224183175	-1.4279049346622514	154266.44435826698	2.0389125024328085	287.6891816597068	-0.0717083025243709	82765.06524403176	0.0051420806509267	298.718032717987	235.54968141706868	1.047188	20.422623	0.0606455	0.0313552	0.1157238424	0.0070203362	-0.0229411395	0.0112755506	-0.0205094986	-0.117082268	-0.0056453745	0.0212326123	-0.0779303979	0.1120356686	0.0197383519	-0.0509699362	0.0038205128	-0.0368056769	-0.0145540568	0.1017981692	-0.1101524361	0.0648574809	0.0622959977	0.0430862836	-0.0505055434	-0.0168261823	-0.0531449956	0.0846207886	-0.0348421529	0.061475152	-0.0543799039	-0.001361818	-0.0145121621	-0.0950170594	-0.0409383594	0.0618307459	-0.0500281301	-0.0001603447	-0.005485331	-0.1265490467	0.1419863653	-0.0606182148	0.0439101318	0.0721640481	0.0203670481	0.0107222647	0.0366192447	-0.014823887	-0.0562123024	0.0438673258	-0.025635956	0.0571612106	0.0015530161	-0.1657296359	-0.008174814	0.0421217232	0.0407211151	-0.0149584825	-0.0555356834	0.091814782	0.1647274834	-0.00240941	-0.0846919029	-0.0112836256	-0.0653877216	-0.0194853934	-0.0311412626	-0.0436576514	0.0202712368	-0.0864749221	0.0494926861	0.0144853271	0.1056894598	-0.136740335	-0.0953421313	-0.0708503321	-0.0276241637	-0.0314535834	0.0589040219	0.0568412831	0.0498825469	0.0933609971	0.0009062798	-0.0372434297	0.0563553718	0.0354831227	-0.0138150146	-0.1295837977	-0.0776527348	-0.0513891626	0.1223256541	-0.051036725	0.0084541733	-0.0460825723	0.030318526	-0.0501883629	0.0196608046	0.1589539453	-0.1215796573	0.1076730536	-0.0667185284	0.1101972612	0.0311601571	-0.0866022851	-0.0058166629	-0.1383435524	-0.0556235585	-0.1354964242	0.0247644026	0.0164209918	0.0267238505	0.1032646258	-0.018380737	-0.0431346418	-0.0022260057	-0.0063423663	0.0127967029	-0.1656513494	0.0067578859	-0.0010206572	-0.0137571699	0.1141467064	0.0666449525	-0.0127543648	0.0953881693	-0.0685827889	0.035926001	0.0072469302	0.0532760774	0.0535571361	-0.0014910305	0.0652065039	0.0053644529	0.0326572867	0.0081897807	-0.0840509398	-0.0133241234	0.1001676101	-0.1173844552	0.0127584263	0.125717274	-0.093292869	-0.0498457318	-0.0551775329	-0.1547180682	-0.0427951042	-0.0047040283	0.0586757313	0.0338061293	-0.0380379516	0.0332161785	-0.0361226761	-0.0356845019	0.0888731099	-0.0928425691	0.0649656213	0.0113575247	0.095370931	-0.0782196815	0.0952872268	-0.0242313142	0.0990954418	-0.0336281527	-0.0045511637	-0.027976271	0.04990755	0.005502326	-0.0770850398	0.0228378813	0.0496666966	0.1055013885	0.0371488304	-0.0635834976	-0.1386975882	0.0706326733	0.0080450253	0.0017229605	0.0009359877	0.0877836934	0.0911818585	-0.0728985584	0.052623902	-0.030529935	-0.058868782	0.0696629318	-0.0417898244	-0.0302065862	0.0400921496	0.0615813579	-0.0623453902	-0.0268272759	0.0949495281	-0.0885682462	0.0193655	0.0047969	0.00037502259025	2.3010249610000016e-05	-0.0933321	-0.0062804999999999	0.00871088089041	3.944468024999993e-05	0.180589	-0.019155	0.000366914025	0.032612386921	0.00177618	0.00037165	1.3812372250000005e-07	3.1548153924e-06	0.0020446	0.00016076	4.18038916e-06	2.584377760000008e-08	-0.000324647	7.5852e-05	5.7535259040000014e-09	1.0539567460900001e-07	0.0
274.26300862934994	0.2386743746887987	0.056965457133089	75220.19790242288	393.871405063829	1.103732821997255	155134.68372695486	1.2182261423540244	287.94836494840223	0.2591832886954535	82914.26087645824	0.0671759771389907	299.01346491244607	238.3694041215529	1.009923	19.695864	0.10405665	0.0594798	0.0950233252	0.0598107048	0.0402632906	0.0463254819	0.0026505804	-0.1292924211	-0.098811734	-0.035108986	-0.1201815492	0.1234360624	0.0599233504	-0.108404833	0.0609339116	-0.0556344807	0.0743791152	0.0536006294	-0.1094191635	0.0773001201	-0.1441513601	0.0145926142	0.0061879913	0.0088855033	-0.0239748781	-0.0324725346	-0.0333944478	-0.0784192436	-0.0798745494	-0.0154540461	0.0319359651	0.0058770014	0.1073220976	-0.0324088999	0.0369981129	0.0380168757	0.1593555647	-0.0463929711	0.02544241	-0.1241001159	-0.065185165	-0.0353995192	-0.0653016087	-0.0576176913	0.0862429561	0.0826801263	-0.1058504487	-0.1030746028	0.0711783752	-0.0869105259	-0.052662575	0.0524525359	0.009358785	0.0038669059	0.075668161	0.108298238	-0.0603146026	-0.0951456568	-0.0667668969	-0.0288490904	-0.0172528777	0.0759631625	0.0282180826	-0.0968160544	-0.070508564	-0.043042522	-0.0088781363	0.0779155378	-0.0076187359	-0.063275802	0.0633517055	-0.0894704817	-0.1291207313	-0.0523952242	0.1809728472	-0.0548485456	0.0106875927	-0.1343163553	0.1318622216	-0.122032383	0.1277542782	0.062107733	-0.0449690476	-0.0290905984	0.0322934659	-0.0033378156	0.0814370561	0.0410731713	-0.0186947387	-0.0991278172	-0.0612801018	0.0464876019	0.0286499305	0.0532208111	-0.0118264288	0.1317482071	-0.1027164331	0.040403139	-0.0775032102	0.1270468142	0.0469564344	-0.1089947267	-0.0863911607	-0.0938983736	-0.0179082703	0.0892978227	0.0920510556	0.0271432184	0.0526840575	0.0371694538	0.1169143208	0.1026400761	-0.0053504341	-0.00416782	0.0290759635	-0.0312850425	0.0608992922	0.1111222668	0.0445180954	-0.0131242841	-0.0068711891	0.0447209679	-0.0386438661	8.8264e-06	0.012144582	-0.0133382425	0.0318478982	-0.1452642125	0.0584990872	-0.0313487981	-0.0034888728	0.0277468942	-0.044564044	0.1267904792	-0.0922504157	0.0762354637	0.0745949674	-0.1185155025	-0.1417448269	-0.0658110832	-0.0469043956	0.0416371214	-0.0527353639	0.0250488877	0.0092075741	0.0545050599	-0.0740430774	0.0195727528	-0.0731321179	-0.0523630659	0.0051845125	0.0225224377	-0.0108932187	-0.0181353094	0.0117231355	-0.0053248373	0.0641354152	-0.0281861219	-0.0732306797	-0.0213647096	0.0745595278	-0.0691294401	0.1658169229	0.0804891808	-0.0017296178	-0.0399990884	0.013325617	-0.0457018475	0.0937042534	0.1362200742	0.0749474361	-0.1363357446	0.111223559	-0.0025948642	-0.045201899	-0.0285747386	0.0378941249	0.0868646959	-0.0984703613	0.0060613505	0.0473155138	0.0515086105	0.0573053425	-0.0009770454	0.0733230872	0.0954108297	0.0026092764	-0.063684092	-0.0235383975	0.0929054001	-0.0917972923	0.0193758	1.0299999999997813e-05	0.0003754216256399	1.0608999999995491e-10	-0.0464418	0.0468903	0.00215684078724	0.00219870023409	0.200725	0.0201359999999999	0.0004054584959999	0.040290525625	0.0011682	-0.0006079799999999	3.696396803999999e-07	1.3646912400000002e-06	0.00196276	-8.184000000000012e-05	3.8524268176e-06	6.697785600000021e-09	-0.000274066	5.058100000000001e-05	2.558437561000001e-09	7.5112172356e-08	0.0
274.47788383209627	0.2148752027463274	0.0461713527552753	75338.10871294573	393.42238175633497	-0.4490233074940306	154781.17046682737	0.2016219306728787	287.99947007774523	0.051105129343	82943.69476506207	0.0026117342451647	299.1058128040052	238.1751846710827	1.01916	19.876017	0.0483613	0.0310376	0.0824448366	0.060370068	0.0697347229	-0.0024637642	-0.0039769074	-0.1397516212	-0.0358303671	0.0324634787	-0.0980725189	0.0813758063	0.0013772343	-0.0480151738	-0.0857451898	0.0207949839	0.0436270614	0.1014969044	-0.1382912326	0.0249265732	0.031134136	-0.0026906058	-0.0272864199	0.1003782816	0.015694394	-0.0213205781	0.0831787316	-0.0069568639	-0.071216171	0.1041735591	-0.0518301757	0.0182978911	0.1442708572	-0.0111877648	0.0086753262	-0.0501770189	0.0354434615	-0.139340177	-0.0621718433	-0.0522402607	-0.0944894759	0.0452301373	0.0305226629	0.0187668754	-0.1091987191	0.138109261	0.1001607981	-0.0335906428	-0.0711977906	-0.0248140886	-0.0255408551	0.0115999847	0.1450389348	-0.052996846	0.0471714303	0.0148951994	-0.1061178634	0.1128513519	-0.0146758636	0.0857389098	0.1023052231	-0.1226260475	0.0202479154	-0.1087393404	0.1066713572	-0.0582780866	-0.0921201887	0.0347670495	0.0558939574	-0.0020396288	-0.0626033065	-0.0895835774	0.0648881758	0.0420552054	-0.1612094723	0.0170232852	-0.0410919245	-0.0737699377	-0.040945962	0.0819094833	-0.0087110142	-0.0774890659	-0.0384266829	0.124131197	-0.0026584736	0.0881977075	0.0667974242	0.0160214274	-0.0508237629	-0.0440417123	0.094107428	-0.0804474207	0.0191226515	0.0430977429	-0.0372990796	0.0660430139	0.0280924897	-0.0168591016	0.0043288118	0.1309982103	0.1088729614	-0.0123713896	0.0293748587	-0.096860771	0.0390732773	-0.0119985871	0.0198072558	0.10824496	-0.0139564696	-0.0211411256	-0.12884697	0.0772711552	0.0460805032	-0.1393278602	0.1348468299	0.0404696746	0.012116111	0.0634211056	0.0233824986	-0.0827571347	-0.0251848873	0.0863481878	0.0123262455	0.0734944599	0.0057569818	0.06818757	0.0189788292	0.0728032352	-0.044282594	-0.1216069256	0.0275724825	-0.0396739393	-0.0006037807	-0.0341174136	0.0125269612	0.0125774184	-0.044752731	-0.0378285206	0.1201931169	0.076797451	0.0366394604	-0.0929814113	0.0530752273	0.0288631937	-0.1282056976	0.0587162208	0.04814158	-0.0038341526	0.0315555396	-0.0093855246	0.0027286492	-0.0487943887	0.0786146006	-0.0682751611	-0.0799183714	-0.0149916347	0.1567503704	0.0101500811	-0.0264208487	-0.0352062108	-0.0396486788	0.0151723284	0.0915037737	0.0938306642	0.0587708461	0.0581402145	0.0552676076	-0.0217191739	0.0614392822	-0.0321415397	0.042935705	-0.0867432533	0.1557981414	0.0017694564	-0.088555939	-0.0514655969	-0.0214884613	0.110474549	-0.0337899293	0.0837421426	0.0532371982	-0.0246798331	0.0660087284	-0.0577853936	0.1202920739	0.0931953335	-0.1097766964	-0.0650053833	-0.0202237803	0.0906327191	-0.0946249323	0.0193859	1.0100000000002468e-05	0.00037581311881	1.0201000000004986e-10	-0.07625	-0.0298082	0.0058140625	0.00088852878724	0.202905	0.00218	4.7524000000000665e-06	0.041170439025	0.00138926	0.0002210599999999	4.886752359999997e-08	1.9300433476e-06	0.00188825	-7.451000000000007e-05	3.5654880625e-06	5.55174010000001e-09	-0.000242376	3.168999999999999e-05	1.0042560999999994e-09	5.8746125376000015e-08	0.0
274.55886747277947	0.0809836406832005	0.0065583500583057	75382.57170793528	394.3081554281459	0.8857736718109095	155478.92143714684	0.7845949976733808	288.3281670837768	0.3286970060315752	83133.13193389031	0.1080417217741214	299.36133020934693	235.38659688400315	1.059436	20.661486	0.0387565499999999	0.0184761	0.0716418526	0.0924380586	0.1217260677	-0.0478802852	-0.0284542077	-0.1522729314	-0.0815100282	-0.0464636386	-0.1177981381	0.0140438534	0.0358842578	0.0528020356	0.033238212	0.1129714459	0.0127277516	-0.0370495652	-0.0531886809	-0.0625806637	-0.0155636633	0.1269788296	0.0465860964	0.1079969478	0.0864010137	0.0203362007	0.0682253955	0.0312959585	-0.083889166	0.0557512404	-0.0100871031	0.0293599768	-0.1098324499	-0.0248411444	-0.0400954227	0.1056815175	-0.053755636	-0.055222792	0.122563444	-0.0268125678	-0.1413617282	-0.0935657519	0.0874165513	0.0220008317	-0.0560094922	-0.1110484791	0.0312507112	-0.0360491574	-0.0408909303	0.1332673828	0.0500337385	-0.0410210068	-0.0477871542	-0.0769242922	0.1056663522	0.0004130664	0.0195249152	0.017326918	-0.0461188754	-0.0391400906	-0.0636712437	-0.002646105	0.0981033996	-0.0024355057	0.0184298184	0.0135982227	0.1248457358	0.0711489087	-0.0133754884	-0.0350518686	0.0876994714	0.0349721428	0.0513070367	0.0174940971	-0.0798956708	0.0024538139	0.0500002438	-0.079175384	0.0899305259	-0.0101718323	-0.0949987236	0.0005474339	-0.0296322264	0.0942331411	0.0713346705	0.1047218572	0.1106016609	-0.023952392	-0.0514128533	-0.1123647362	0.0579631176	-0.066315095	0.0800951108	-0.1036663718	0.0063550176	-0.1034841787	0.0698431232	0.0943083221	-0.1147030224	0.1291588548	0.0352224509	-0.0636908188	-0.0545378036	0.0954565826	-0.1007626285	-0.0154871092	0.0430461001	0.0141767982	-0.0781427577	0.0329335639	-0.0904869562	-0.0576494643	-0.0745054715	0.0915368116	-0.0027163851	0.0459244788	0.1136868927	-0.0246641356	0.0037844931	0.0759705767	0.0312637173	0.0166379916	-0.0034323942	0.0656495913	-0.0314422687	0.0186457667	-0.1360072295	-0.0049568197	0.0016181259	0.0592124594	-0.0311908839	0.0116828537	0.0568908348	0.022003953	0.084307209	0.0503555423	-0.0679585954	0.0184351122	0.0396774209	-0.1213129358	0.0048227615	0.0348635737	0.1132952811	0.079113487	-0.0950219114	0.1350190627	-0.0345821808	0.1344820946	0.0706432968	-0.0767827967	0.0892396397	-0.1073091634	-0.0345003748	-0.0761909254	-0.0518752801	0.0305159157	0.021833813	0.0375441066	-0.0510783923	-0.0105679161	-0.0031736783	0.0584503786	0.1012435958	0.0888557066	-0.0203658579	-0.1235798008	0.0321953083	-0.0824362082	0.0572590223	0.0176013406	0.0648797435	-0.0888371597	0.1010772903	-0.0101271283	-0.0490769074	-0.1039592659	-0.0274322102	0.1440623735	-0.0316289884	0.0677142357	0.0299808305	0.017737154	0.0530201616	-0.0695427596	0.0403955418	0.0717037646	-0.1125671708	-0.0663089027	-0.0168870486	0.088137076	-0.0970388015	0.0334038	0.0140178999999999	0.0011158138544399	0.0001965015204099	-0.0709619	0.0052881	0.0050355912516099	2.796400161000004e-05	0.194165	-0.0087399999999999	7.638759999999996e-05	0.037700047225	0.00148498	9.571999999999988e-05	9.162318399999975e-09	2.2051656004e-06	0.00192447	3.622e-05	3.7035847809e-06	1.3118884e-09	-0.000324647	-8.2271e-05	6.768517441e-09	1.0539567460900001e-07	0.0
274.8917989384029	0.3329314656234601	0.1108433608021852	75565.50112359134	394.543255095583	0.2350996674371117	155664.38014141828	0.0552718536290405	288.4351739463765	0.1070068625996896	83194.84956947647	0.0114504686434288	299.5394955512061	243.02051717085743	1.141956	22.270828	0.0564131999999999	0.0350538	0.057525562	0.1117446404	0.0882113017	0.0493690587	0.0717274275	-0.0181765967	-0.111331237	0.0097770934	-0.1148662971	0.0982505923	0.088571547	0.0275019083	-0.086618316	0.1045569008	0.089124177	0.010831018	0.0279576046	0.0548894241	-0.059222093	0.0293867915	-0.0464737335	-0.0449245882	-0.0269047402	0.0308774648	0.0038839741	0.0677903411	-0.0259067603	-0.0048754644	-0.1734400479	-0.0628593038	-0.0988083429	0.0137698615	0.0100777703	-0.1258216157	0.111232573	-0.0130374345	-0.0537335489	-0.0215756379	-0.1142593199	-0.0587415919	0.0098233158	0.0188064456	0.0173694239	-0.0826354335	0.0222656096	0.0579204573	0.0453350145	0.0828802416	0.0328116512	-0.0488631333	0.0240270518	-0.1135902059	0.0844745596	-0.0379109308	-0.0147318979	-0.0596259324	-0.0072985479	-0.0574606605	-0.0056020365	0.1440143967	0.1717131316	0.082735168	-0.1202818856	0.0260193954	-0.0566951153	-0.0033827143	0.2026736135	-0.0933478156	-0.0631823687	0.0675112163	-0.0102152843	-0.0291379134	-0.0756254187	-0.0451625912	-0.1223643309	-0.0237901391	0.0526530922	-0.0786875952	-0.0112169229	0.0894657743	-0.0171582866	0.0875986904	-0.0114525271	-0.0248028829	0.0674410976	0.0808192692	0.1555372273	0.0765519874	0.0882184877	0.0300716817	0.041279738	-0.0810800362	-0.0200467419	0.0081473256	-0.0039505717	-0.0881139029	0.1440928129	0.143966886	0.0566869044	-0.0532542747	0.012005218	0.0758237516	0.0024813659	0.1338559932	0.0016479387	0.0014904457	-0.0108966492	-0.1032312988	-0.0415400437	-0.0278716125	-0.0499009661	0.0099944417	0.021873279	-0.0740883428	-0.0858581526	-0.0007142126	-0.0356028499	0.1250532611	0.0235987039	0.0729512586	-0.0651302096	-0.1012684111	0.0113344903	-0.0838030976	-0.1773676615	-0.0407208486	0.0675781153	0.0822868076	0.1003077265	0.0158619385	-0.0360187388	-0.0233407551	0.0696191402	0.0560902172	0.1644401629	0.0135444529	0.0668582604	0.0904450792	0.015039461	-0.0131182629	0.0244038334	0.0102230647	0.0474434975	-0.1358208279	-0.0592979779	0.0656114508	0.0253599236	-0.1073026106	-0.0020525677	-0.0388507111	0.0430995257	-0.0873943091	-0.1759468614	0.0750414474	0.0128058542	-0.0656772392	-0.0728014378	0.0272042725	-0.0165715808	-0.0541272856	-0.0899420353	0.0960357651	0.0459439805	0.0104716492	0.0330634019	-0.12289733	0.0255412064	0.1241577177	0.14341308	-0.0326548661	0.0917421524	0.0604596394	-0.081570556	-0.0248709131	-0.0248879857	0.2214010549	0.0329086386	0.1463147731	-0.0562270244	0.0543906829	0.1100119328	0.1260596415	0.0252084026	0.0448572774	0.0092534996	-0.0675942939	-0.0135318513	0.0854246103	-0.0990283447	0.0370152	0.0036114	0.0013701250310399	1.3042209960000003e-05	-0.0668301	0.0041317999999999	0.00446626226601	1.7071771239999927e-05	0.207758	0.0135929999999999	0.0001847696489999	0.043163386564	0.0009244	-0.0005605799999999	3.1424993639999985e-07	8.545153600000001e-07	0.00206543	0.00014096	4.2660010849e-06	1.9869721600000026e-08	-0.000324647	0.0	0.0	1.0539567460900001e-07	0.0
274.7181988823515	-0.1736000560514412	0.0301369794610635	75470.08879716323	394.1925401430976	-0.3507149524854185	155387.7587044676	0.1230009778968493	288.0767805914044	-0.3583933549721223	82988.23151590813	0.1284457968881736	299.1780856353974	239.090912703564	1.077421	21.012238	0.065354685	0.0341687	0.0434996294	0.096637002	0.1225596566	-0.0630992377	0.054181989	-0.0688640964	-0.0443940815	0.0117617008	-0.1402379964	0.0404566023	0.0057556876	0.0407089564	-0.070526535	0.0052522913	-0.0512790117	-0.0519927737	-0.029540734	0.0383299342	-0.1004283503	0.1524436419	0.0591064361	0.0729388706	0.0645510721	-0.062384516	0.0182022163	0.0456343214	-0.0706699019	-0.0413073981	0.1201219114	-0.0129205776	-0.0694302261	-0.0078833638	-0.036339378	-0.0520701093	-0.0168667004	-0.0712225309	-0.0468451039	-0.0376289158	-0.0934124935	-0.0444578827	-0.0187689754	-0.0833670504	-0.0212186341	0.0715374741	0.0549511071	-0.1102615677	-0.1340110245	0.032324197	-0.0651693678	-0.0272335057	-0.0396961032	0.0817973724	0.0539519469	-0.1392616316	-0.1399192221	0.0193085817	0.012269927	-0.0190702341	-0.0343535244	0.005401257	-0.0486534307	-0.0416771741	-0.0403498449	0.190152473	-0.0511932965	-0.0079549965	0.044441447	-0.054986502	-0.0348499851	0.028741834	-0.0740959171	-0.0726601702	-0.020735124	0.0795569439	0.0295244735	0.0019992002	0.0291579393	0.054589649	-0.0101918774	-0.1527268083	-0.0813568222	-0.0882660259	0.0707866842	0.1273959122	-0.0053440184	0.1138592879	-0.1135883004	0.025876619	-0.0382968728	0.0614450775	-0.0654686959	0.0835924803	0.1155173703	0.0869566655	-0.0270790278	-0.0726834868	0.0824879756	0.1149674798	0.0767565766	0.0120035527	-0.0505904643	0.101529825	0.0140431581	-0.0286773647	0.0463479103	0.0447988175	0.0343144521	0.047268691	-0.1241482723	0.0417387457	0.1537891852	-0.0614481321	0.0774256951	-0.016196437	0.0283631977	0.0133402108	0.1400912001	0.0026860249	0.0025557234	0.1698964986	0.0067780313	0.0669977288	-0.0394124237	-0.0871679742	0.0364055779	0.0494827257	0.0140667824	0.0552399678	0.0177225096	-0.1072241958	0.1295021334	0.0970463508	0.0057124197	-0.0268900984	-0.0152225353	-0.0138537305	0.0337090883	0.1590038453	-0.1419349927	-0.0015037933	-0.0778399951	0.0534716666	-0.0674738112	-0.051231553	-0.0882621421	-0.133989852	0.0439553535	-0.0160228009	0.0864213079	0.0150767993	0.0096640326	0.0372199201	0.1541219168	0.0364182921	-0.022854066	-0.0457212525	-0.063898598	-0.0197668385	-0.072549446	0.0140388962	-0.0519029319	0.1107068027	0.0439633587	-0.0601428692	0.0295640305	-0.1066672819	0.009940437	-0.0659123924	0.0496763888	-0.0631208305	0.0693701914	0.0430151641	-0.0559511864	-0.135553248	-0.0617230223	0.1890613701	0.0361339444	0.1399375666	-0.0013267985	-0.0821360299	-0.1050372465	-0.1022681062	0.0146831994	0.0158035249	-0.0522128029	-0.0688612056	-0.010161857	0.0825019948	-0.1005848622	0.040314	0.0032988	0.001625218596	1.088208144000003e-05	-0.0890404	-0.0222103	0.00792819283216	0.00049329742609	0.207833	7.499999999999174e-05	5.624999999998761e-09	0.0431945558889999	0.00139116	0.00046676	2.178648976e-07	1.9353261456e-06	0.00196235	-0.00010308	3.8508175225e-06	1.0625486400000038e-08	-9.90753e-05	0.0002255717	5.088259184089001e-08	9.81591507009e-09	0.0
274.844731256176	0.1265323738244888	0.0160104416256601	75539.6262992796	393.7938983074257	-0.3986418356718673	155073.63434415913	0.158915313147836	288.21945640820394	0.1426758167995672	83070.45505224058	0.0203563886994236	299.26713235294665	242.39818028354563	1.19337	23.27352	0.252864635	0.177847	-0.0280596897	0.1215833107	-0.0871709181	-0.0365117074	0.0073896625	0.075927038	-0.0463060589	-0.0385618307	-0.0877575539	-0.0368122485	-0.0599506605	-0.0266588076	0.0082676225	0.0473034589	0.1333374178	0.051246863	-0.0348242938	-0.1361679579	-0.0361017559	0.0269104002	0.0137688843	-0.0590300606	-0.1386650281	-0.0510897767	0.0870045586	0.0379882075	-0.0039843343	0.0128368246	0.0756067074	-0.026520304	-0.046092919	0.0657409292	-0.0667535742	-0.0189862611	0.0584832886	0.019052525	-0.0701524066	0.0080675595	-0.0278529058	-0.0829970246	0.0449200048	0.0193104309	-0.1117199698	0.0536402539	0.0644218526	0.0696722272	0.0032424121	0.0682660299	-0.0382048005	0.0672007579	-0.1237298246	-0.0436542547	0.0161155402	0.1024032505	-0.0151317089	-0.0125702664	-0.0586192775	0.0503449688	0.1310062777	-0.0669874712	-0.0852612539	-0.0630386143	-0.0506103828	0.001648053	0.0455819043	0.0908013175	0.0777909744	-0.0614482647	-0.0623549944	0.0753066621	0.0315348239	0.074861866	0.0138962403	-0.0369506995	-0.0795530009	0.0153535456	0.0079991632	0.049722327	-0.010727486	-0.0280823863	0.0867957508	-0.0646494982	0.0336878127	0.029130271	0.0304225699	-0.0675589406	-0.0450713697	0.0018996874	-0.0574953671	0.0371226046	-0.1413451351	-0.0398254285	-0.0702616023	0.0029679854	-0.1134582818	0.0772531587	0.1503693749	-0.0216503401	0.0690292923	0.0397504476	-0.1003759277	-0.010005605	-0.0878909209	0.0829254667	0.0051293391	-0.0195378866	-0.0635458234	-0.0897675054	-0.0183972676	0.0032046011	-0.0711866	0.0425195302	0.0605723578	0.107308399	0.039861059	0.0311028434	-0.0699929487	0.0187204839	-0.0049567507	-0.0121528026	0.1336800174	0.1227954777	0.0251056352	-0.0110099636	-0.0331778394	0.0796011423	0.040070493	-0.088940294	0.1768305976	-0.0286683887	-0.0337150476	0.0680102635	0.0119083305	-0.0332567681	0.1349077959	0.0149695116	-0.010866596	-0.0307061129	-0.050585233	0.0154623638	0.0325416237	-0.0331811778	-0.1619572363	-0.0510797351	-0.0315527499	0.0373977527	-0.1031910644	0.0060890757	-0.0228421487	0.0329869313	0.0119329024	0.0354134368	0.0073257044	-0.1312012102	-0.1640947112	0.0253478307	0.0285820689	-0.0327078375	0.1706415904	0.1091532714	-0.0242593309	-0.0982367992	0.0267372923	-0.0673607974	0.0892121434	-0.0905932798	0.024350145	0.0555172591	0.0489144599	0.1086071101	0.0356198518	0.08966205	0.0113630827	-0.0929448925	0.1450004675	-0.0402159067	-0.0609194401	0.0833677904	0.0762233486	0.0109218957	-0.1123326706	-0.2271552314	-0.007485726	-0.090123521	0.0086034338	-0.0701092912	-0.0067807509	0.0793764193	-0.1017015476	0.0193835	-0.0209305	0.00037572007225	0.00043808583025	-0.0666243	0.0224161	0.0044387973504899	0.00050248153921	0.0473843	-0.1604487	0.02574378533169	0.0022452718864899	0.00225426	0.0008631	7.449416100000002e-07	5.0816881476e-06	0.00196235	0.0	3.8508175225e-06	0.0	-0.000217362	-0.0001182867	1.399174339689e-08	4.7246239044e-08	0.0
274.87596561316	0.0312343569840436	0.0009755850562066	75556.79647176713	393.3125909188962	-0.4813073885295011	154694.794175335	0.2316568022530881	287.8959634396232	-0.3234929685807515	82884.08576482885	0.104647700721187	299.2406837389983	243.29458659419683	1.140405	22.240587	0.1022978899999999	0.0548762	-0.1102823187	0.0796068666	-0.1765301634	-0.0781492119	-0.0272531006	-0.0130669788	0.050875662	0.0331600228	-0.0446719449	-0.1545956579	-0.14559582	-0.012303605	-0.1444363129	-0.067750375	-0.0385052714	-0.0536017921	-0.1489374364	-0.1565390009	0.0864733024	-0.0879400707	-0.099423445	-0.0055942304	0.0410616065	0.0707723169	-0.1580486515	-0.0193309295	-0.0066521238	-0.0867813059	0.0453322103	0.0122723577	0.0503593316	-0.0576046416	0.1528798595	0.0407422835	0.0933676289	0.0413071024	-0.2163991891	0.0410737111	0.1554547833	0.0097134391	0.0468150207	0.0044059997	0.0048047536	0.0863503027	-0.060001497	-0.02727058	-0.0081977055	0.0647841105	-0.0408345804	-0.0598096973	0.1032634928	-0.1654779053	-0.0148632463	-0.0190100758	-0.0059366207	-0.0509569499	-0.0507463325	0.0043984901	0.0452508358	0.0352981147	-0.0684813354	-0.012580077	-0.0018680099	0.0830478736	0.1228467525	0.0131884141	-0.0145632507	-0.06205819	0.1629585061	-0.0951011916	0.0327756204	0.0908098349	0.0701295153	0.0542461505	-0.0590158898	0.0292959727	-0.0741541846	-0.1111704725	-0.0139305961	0.1435011888	0.002605491	-0.025019766	-0.073967277	-0.0147062858	-0.0694213778	-0.0290876137	0.0127766048	-0.0344307918	0.0584277096	-0.0120860746	-0.1301722134	-0.1110860871	-0.0033578662	-0.2172032488	0.1424679062	-0.0101503921	0.0108101998	-0.169804278	0.1795381229	0.1886130801	-0.039695097	-0.0786451838	0.0712067382	-0.1310889893	0.0588813685	0.0893224809	0.0912812335	0.0078655318	0.0129290901	-0.0038108085	-0.0316815382	0.0858930006	0.1215600053	0.1253938033	-0.0260055595	0.1093032232	-0.0628501044	-0.0050236372	-0.0451814163	-0.0301889832	-0.0915891261	0.1066397217	0.0458247671	-0.109437489	0.019904389	-0.047123114	0.0511146024	0.1277396528	-0.0187708932	-0.0189039505	-0.0273357109	0.0063352362	-0.0495565806	-0.0182003156	0.0514443903	-0.0849343758	-0.0730394816	-0.0153855983	-0.0845503478	0.0398650315	0.0289485435	-0.0697335199	0.0688093965	-0.0263107829	0.0204835084	0.2034129289	-0.040777565	0.0046320896	0.003792157	0.1777684657	0.0781460686	-0.0725778043	-0.1245809116	0.0477013989	-0.0318379875	-0.0646601669	0.04303373	0.0605117961	-0.0042410627	-0.210824487	-0.0098242845	-0.1914584438	0.1057910364	0.047431411	0.0419121957	-0.0377903853	0.0044696244	-0.0499507151	-0.1497456531	0.0619774272	0.0627134382	0.0172839674	0.0459850844	0.0337340864	0.0093208866	0.0191980677	-0.075399935	0.0321027412	-0.0270461302	0.0271790322	0.0723537431	0.0581996912	-0.0631513733	-0.0863180364	0.0320181171	-0.0713382097	-0.0033922301	0.0760555728	-0.1023735181	0.0381798	0.0187963	0.00145769712804	0.0003533008936899	-0.0859577	-0.0193334	0.0073887261892899	0.00037378035556	0.00467686	-0.04270744	0.0018239254313535	2.18730194596e-05	0.00257619	0.0003219299999999	1.0363892489999987e-07	6.636754916099999e-06	0.00196235	0.0	3.8508175225e-06	0.0	-0.000324647	-0.000107285	1.1510071225000003e-08	1.0539567460900001e-07	0.0
275.18113192650134	0.3051663133413171	0.0931264787983309	75724.65536835053	393.4611975393324	0.1486066204361691	154811.71396908554	0.0220839276374596	288.39495840429703	0.4989949646738409	83171.65203301622	0.2489959747698478	299.3461055870322	245.1871459614433	1.0752	20.968922	0.0868747099999999	0.0355412	-0.1264612304	0.0534750427	-0.0642455583	-0.0733631169	-0.0671810938	0.0596061075	-0.0191327248	-0.085493037	0.0037456994	-0.1754330579	-0.1287004928	-0.016778377	0.0123636713	0.1162006691	0.0350376622	-0.0102057011	-0.0406945865	0.0486205562	0.036524942	-0.0099872258	-0.1287297917	0.0102305197	-0.0988663767	0.0698301762	-0.0441155126	-0.0034991088	0.0537028744	-0.0558691302	0.0042194747	-0.0237757911	0.1451331339	-0.0323126179	0.0740785393	0.0517934013	-0.1278691569	0.0176600144	-0.0414998688	0.0165330466	0.1070674339	-0.1589375806	0.1257281271	-0.0311146543	-0.0623458534	0.0226237705	0.0559620051	0.0391966269	0.0148885972	0.049950442	-0.160395214	0.1866433664	0.1190376481	0.0726739225	0.0094697404	-0.0482416261	0.0823462528	0.0196889438	0.0375229376	0.0318438349	-0.0506015938	-0.0458614969	0.0176494491	-0.0151213863	0.0022564386	0.0195695048	0.0121697521	-0.0347914143	-0.123261972	-0.0735226552	0.0400649027	0.0285095129	0.0132624339	0.0202647162	0.1016184903	-0.0255328972	-0.0298505893	-0.0672483681	-0.0742205363	-0.004307255	-0.0932697284	-0.0514233301	0.0386900818	0.0265330432	0.0910720109	-0.021612685	0.0101409767	-0.0494299007	0.0430450501	0.0972317281	0.0332793026	0.0740114775	-0.029851861	0.02185451	-0.0110936162	0.0149612029	0.055878084	-0.013320962	-0.0214262573	-0.1033597004	-0.029892423	0.1119583313	-0.1227882997	0.0279531415	-0.1290152439	0.0293758013	-0.0294988784	0.0028830205	-0.0760075384	-0.0566967182	-0.037267389	-0.0269587733	0.0877180838	-0.0116032973	-0.011689246	0.0669967024	-0.1384634443	-0.0204285101	-0.0012143376	-0.0667075923	0.0703163365	0.0426909764	-0.0192134058	-0.0378315885	0.0003837958	0.0814238206	-0.1126336812	-0.0522868589	-0.0552673486	0.0293581959	-0.072460713	-0.0109180646	-0.0621220235	0.0377010695	-0.1489500514	-0.0302965149	-0.0125551992	-0.0072739576	-0.0192716654	0.116360067	0.0433586562	-0.0907309654	0.0034303179	-0.000269952	0.0361073804	0.0668907371	0.1576227336	0.0587176967	-0.0488294937	-0.103703546	0.0420713584	-0.0333423774	0.0391843883	-0.0071030219	0.05232114	-0.1356480451	-0.0578715121	-0.0159816244	-0.0145237181	0.074180359	0.021339683	-0.0063842886	0.0081641672	-0.1784810698	-0.0646167063	-0.0821662698	-0.0212701457	-0.0537907251	-0.0220125758	0.0159951807	-0.0515297889	-0.0143069224	0.1084834705	-0.0016804633	0.0885499896	0.0401295776	0.0588755561	-0.0366783721	-0.0627083623	0.1016963554	-0.0492471419	0.0851636874	-0.004453094	-0.0761043988	-0.0158340618	-0.0590011246	0.0386885745	-0.072547625	0.0	0.072547625	-0.1025978352	0.0193877	-0.0187921	0.00037588291129	0.0003531430224099	-0.0665227	0.0194349999999999	0.00442526961529	0.0003777192249999	-0.0105907	-0.01526756	0.0002330983883535	0.00011216292649	0.00215293	-0.0004232599999999	1.7914902759999997e-07	4.6351075849e-06	0.00178698	-0.0001753699999999	3.1932975204e-06	3.0754636899999925e-08	-0.000255676	6.897100000000003e-05	4.756998841000004e-09	6.5370216976e-08	0.0
275.2507394050806	0.0696074785792575	0.0048452010741617	75762.96954304358	394.2601869417621	0.7989894024296973	155441.09500735317	0.6383840651949648	287.930261935562	-0.4646964687350419	82903.83573828134	0.2159428080548177	299.02584594922763	245.88269508725404	1.158919	22.601652	0.08688065	0.0444562	-0.1851928867	-0.0275746218	0.0063183432	-0.0289027983	-0.0964822508	-0.0309321411	-0.0288316399	0.0555816976	0.0981991342	-0.1492765796	0.0262486732	-0.0003298664	-0.1052498604	0.0331260474	0.096765596	0.0114308205	-0.0506138261	-0.0287566629	0.0619024858	-0.0426931898	0.0543344105	0.0694866037	-0.0663281982	-0.0046184535	-0.0549748974	0.0191608229	-0.0380188085	-0.0421602587	0.037222162	-0.0452157009	0.0404510643	0.0187910404	-0.0463458478	0.0816494662	0.0442009222	0.0042851489	-0.1321404309	0.0727772224	0.1704648303	-0.0020791408	-0.036633445	0.1373156394	-0.0580851442	0.023068974	-0.0490504111	0.0482522576	0.1219894382	0.0334378154	-0.0555968228	0.0224226894	0.0327169892	-0.0221000077	-0.0506933881	-0.0016217444	-0.0346094539	-0.0941907481	-0.0522594793	0.0520608318	-0.0379621134	-0.0136261607	-0.0414549464	0.0478826826	0.0735200344	0.0596212299	-0.0065228595	-0.0069121456	0.0316603702	0.1331075548	-0.0550628939	-0.0297024838	0.0850227741	0.0612056707	0.1460856736	-0.0564852446	0.0328460695	-0.095215739	0.0601716051	-0.0103250524	-0.0442921106	0.0510426157	-0.1622606637	0.0770376424	-0.0834154687	-0.0833500573	-0.0267871666	0.0343002659	-0.0465690128	0.0684286888	-0.0411232333	-0.0823370323	0.0031695156	0.0240127051	0.0248158424	0.09824658	0.0064864918	-0.0268182222	0.052901859	-0.1264615957	-0.0558106681	0.1501366751	0.0175654996	-0.0877338334	0.030435209	0.0905983707	-0.0110068709	0.0632081767	-0.0287640647	-0.1050837445	0.0037820897	0.0028462523	0.0267932956	0.1499588652	-0.0223603916	-0.0595331192	-0.0746647356	-0.0079949822	0.0633284739	0.0492536203	0.0612167278	-0.0645225236	0.0565622167	-0.0614857091	-0.0018684637	0.0564261029	0.0405904832	-0.0787385859	-0.1124766922	-0.0795665961	-0.0170308261	0.0186474648	0.0722792228	-0.0483495424	0.0225195405	0.0150044921	0.0543177046	-0.1480962757	0.0085370117	0.0977202331	0.0830660232	0.1315548191	0.0137808664	0.0659845051	-0.0261912036	0.0204779379	-0.0098804281	-0.0097768903	0.0565211433	-0.00431073	0.046493655	-0.0967962279	0.1248333568	-0.1346244906	0.049713995	0.1540141055	0.1087704928	0.0003867123	0.0914898884	0.0725060395	0.0713409985	0.0273689568	-0.1004690423	-0.151118785	0.0564649918	0.1427031057	-0.072287722	-0.0277741651	-0.0280968487	0.0270437808	0.050208545	0.049993833	0.1209361625	-0.0139365773	0.1141259686	0.1389375761	0.0796982013	0.0917999655	-0.075888122	0.0297228185	-0.0942285163	0.078364568	-0.0687992996	0.113240893	-0.0715295889	0.0188491588	-0.0114257547	-0.0737372065	0.0033922301	0.0688612056	-0.1023735181	0.0300401	0.0106524	0.00090240760801	0.0001134736257599	-0.0523014	0.0142213	0.00273543644196	0.00020224537369	0.0237087	0.0342994	0.00117644884036	0.0005621024556899	0.00184312	-0.00030981	9.59822361e-08	3.3970913344e-06	0.00196235	0.0001753699999999	3.8508175225e-06	3.0754636899999925e-08	-0.000324647	-6.897100000000003e-05	4.756998841000004e-09	1.0539567460900001e-07	0.0
274.9988109905791	-0.2519284145014921	0.0634679260332356	75624.34604623225	393.49485452587584	-0.7653324158862347	154838.2005383402	0.5857337068062605	287.91724258208194	-0.0130193534800469	82896.33857606942	0.0001695035650384	299.05436024829896	248.65429421755445	1.096536	21.385038	0.0582798	0.0259025	-0.1585189999	-0.0395102111	0.0363780662	0.0484414334	-0.0085949291	0.0250977419	0.1349106718	-0.103507444	0.0974575806	-0.0878379036	-0.008811526	-0.0378194958	0.0026849618	0.0428936813	-0.0649789322	-0.1214790222	-0.091454501	0.1228689887	0.0143987123	0.0214893444	-0.0422903855	0.0833779606	-0.1015482569	-0.0797342474	-0.0914500668	0.0248714721	0.0609453974	0.0897597384	-0.0006893127	-0.0856188785	-0.0574427158	0.0865551881	-0.1878571813	0.0315089772	0.0810372711	0.0104304503	-0.0751353896	-0.0360333299	0.1370596452	0.0264332071	0.080610059	-0.0133371737	0.0023020002	-0.0420492199	0.0153465694	-0.0833410619	0.0329147352	-0.1234951044	0.029352435	-0.0264196348	-0.0317608137	0.0108866537	-0.0181727047	-0.0519740172	0.023931803	0.0133849896	-0.0510822542	0.050530589	-0.08527251	-0.0729936835	-0.0558522146	-0.1143354458	-0.0347291535	0.0816632298	-0.06579273	-0.002955162	-0.0039228679	-0.0711904327	0.0417939852	0.0227960987	-0.0890165014	-0.0138765439	0.0376255104	-0.019263019	0.071909655	-0.0829674402	-0.0507539546	-0.0287794801	-0.1759712537	-0.0763763164	0.0048133087	0.2000206015	0.0847149702	0.0332648747	-0.0625382546	0.0380933212	0.0352523343	0.1370700409	0.0160970209	0.0405470507	0.0121751931	0.0096520766	-0.1104431806	-0.0826532324	0.0831122533	-0.0927204066	-0.0850185365	-0.0787469526	-0.0519799711	0.0569201854	-0.0893727406	0.0101168491	0.0543136492	-0.0499305044	-0.0399709932	0.0547707811	-0.0177485512	-0.0313398974	-0.0336659372	0.1272051188	0.0109641957	-0.0189351924	-0.1495845169	-0.0235655405	-0.0013042762	-0.024532416	0.0710569468	0.014419507	0.0033307892	-0.0252735678	-0.0400096195	-0.0621644853	-0.0224781667	0.0232642655	0.0046307927	0.0135480107	0.0770103565	-0.0310250199	0.0453905586	0.0059063896	-0.0428822994	-0.047573421	0.0063512824	-0.0715620538	-0.1547147241	-0.0281542665	-0.0290528609	0.1750609705	0.0043246932	-0.1115915805	-0.0074518919	0.0416853183	-0.0025151196	0.0197762425	-0.0112079837	0.0374662046	0.1097681407	-0.0885929372	-0.0417952542	0.0745841512	0.0280655581	-0.0261177737	-0.0565739306	-0.0731365456	-0.0372362508	0.139867062	-0.0335763105	0.0124526903	0.0033361108	-0.1201948104	-0.1317551443	-0.1118690257	-0.0497916456	-0.0461913449	-0.138455083	-0.0629010067	0.002665681	-0.1110945531	0.00069916	0.0583324066	0.0777474036	-0.0244045843	0.0607278586	-0.0173525313	-0.0376009986	0.0884091486	-0.0859085776	-0.0110755261	-0.0387176084	0.0072215429	-0.0152489556	0.1021281745	0.0759318267	0.1027814346	-0.026407273	-0.074906629	0.0067807509	0.0650053833	-0.1017015476	0.0363463	0.0063061999999999	0.0013210535236899	3.976815843999997e-05	-0.0665469	-0.0142455	0.00442848989961	0.00020293427025	0.0405553	0.0168466	0.00028380793156	0.00164473235809	0.00215407	0.00031095	9.66899025000001e-08	4.640017564900001e-06	0.00185567	-0.0001066799999999	3.4435111489e-06	1.1380622399999963e-08	-0.000324647	0.0	0.0	1.0539567460900001e-07	0.0
274.8145815808328	-0.1842294097463082	0.0339404754154731	75523.0542494482	393.870032158321	0.3751776324451725	155133.60223239684	0.1407582558871649	287.8577295061104	-0.0595130759715516	82862.07243641301	0.0035418062115956	299.1095388816005	245.9210263602383	1.09836	21.420612	0.05656425	0.0313347	-0.1337380013	-0.0399930141	0.0096943078	0.0986889269	-0.0907415978	0.095117725	0.006670292	-0.063997676	0.1263172276	-0.0632823396	0.0310093363	-0.0432803429	0.010352089	-0.0065793128	0.0609793333	-0.0147071337	-0.008916748	-0.0922108627	0.0579305525	0.0091570615	-0.1196007833	0.137070663	-0.0766002435	-0.0036757944	0.0580601876	0.0153913683	-0.0608348466	-0.0513729898	-0.0545179597	0.0343620578	-0.0531729849	0.0124793518	-0.0587060068	-0.133226125	0.0232909295	0.0891159094	-0.0348012404	-0.0385972853	0.1315276392	0.0034853079	-0.0710916599	0.1629187837	-0.028401598	-0.0496798704	-0.0969048139	0.0803904326	-0.041880737	0.0573333597	-0.0515930737	0.0026715419	-0.0435781072	0.0070003473	0.0527310886	-0.0150003322	0.0504226369	0.066959917	0.0047496027	-0.0463181796	-0.057619734	0.0233946201	-0.0528144372	-0.0570726279	0.0789832776	-0.050358147	0.0400038221	-0.0482544883	0.0307711984	0.0399073172	0.0515646246	0.118011163	0.1011480399	-0.0024507926	0.0509318115	-0.0665055506	-0.0107407722	-0.029168782	0.1409490887	0.0905194469	-0.096530307	0.205755452	-0.1069494699	-0.0314873989	-0.0134220148	0.0687575282	-0.1026802567	-0.0821125732	-0.0509557044	0.0428272919	0.0373449487	-0.0036130208	0.0717824452	0.0360684059	-0.0207959432	0.1445120865	0.0554394567	-0.0484714151	0.0631200919	-0.1242602171	-0.088768826	-0.0004644758	-0.037138473	-0.1267547296	0.0146984613	0.0476231422	-0.0920503848	-0.0443965438	-0.0436631332	-0.144990298	0.060587102	-0.0379767765	-0.0242082226	0.0266427443	-0.0753906495	0.0042813503	0.0306117463	-0.0221535211	-0.0352120273	0.1025946675	0.0224275132	0.0448672295	-0.0869969468	0.0239317137	0.1543213029	0.008342994	0.0366316019	-0.0438966358	0.0228592195	-0.0224855156	-0.0595930883	-0.051174706	-8.85017e-05	0.1617224246	0.0174487607	0.026542889	0.0987652478	0.1252860233	0.0614087154	0.0231775469	0.0187011545	0.14098226	0.049178429	0.0211776466	-0.052358745	0.0084940558	-0.0361548657	0.1151142489	0.0669296942	0.0413362113	-0.0146078587	0.0216024722	0.0285412723	0.0655489637	0.0134153381	-0.0265247059	-0.0142427246	0.0606005755	0.0302384078	0.1399111525	-0.1087440816	0.0510400499	-0.0249824199	-0.1275120616	-0.0145458116	0.0260394591	-0.1101565151	-0.074597336	0.0887745769	0.059304626	0.0835064611	0.1505299365	-0.0402495927	0.1066716307	0.1363791621	-0.0408620034	0.0418160978	0.0542950111	0.0804186122	-0.0381781872	-0.1242882341	-0.0848531993	0.0287304551	-0.0413276863	0.0121744169	-0.057490588	-0.0420646523	-0.0760555728	0.010161857	0.0609896438	-0.1005848622	0.0321842	-0.0041620999999999	0.00103582272964	1.7323076409999957e-05	-0.0390557	0.0274912	0.0015253477024899	0.00075576607744	0.0302944	-0.0102609	0.00010528606881	0.00091775067136	0.0022338	7.973000000000008e-05	6.356872900000013e-09	4.989862440000001e-06	0.00196235	0.0001066799999999	3.8508175225e-06	1.1380622399999963e-08	-0.000218056	0.000106591	1.1361641281e-08	4.7548419136e-08	0.0
274.76800310746233	-0.0465784733704595	0.0021695541815226	75497.45553166243	393.5821796368209	-0.2878525215000991	154906.93212767076	0.082859074133965	288.0827068973981	0.2249773912877231	82991.6460133322	0.0506148265906292	299.19544784959584	245.4290618051726	1.076723	20.998634	0.0616592499999999	0.0420954	-0.0921912823	-0.0017798855	-0.0387362045	0.0898375794	-0.0836430054	0.1332703163	0.0966946102	0.0953495011	0.0738087223	-0.0669149694	-0.0062885438	-0.1533574196	-0.1830720728	-0.0923067585	-0.0705322348	-0.0773551497	0.0465042932	-0.0272734095	0.0773909992	0.0567852095	0.0564062344	-0.0351694407	-0.0378908155	-0.0334882337	0.0569006654	-0.0367109485	0.205945768	-0.0810067398	0.1004721004	-0.0341717386	0.1116463277	-0.0972332541	-0.1103027189	-0.09712467	-0.1183578979	0.1388224642	-0.0977669978	-0.0445745222	0.1022914812	0.0143936393	-0.0345387067	0.0666361041	-0.1109894049	0.0623960133	-0.0489616333	0.0217518396	-0.0041040357	0.0223100368	-0.0955893911	-0.0038077319	-0.0718238754	0.0285936145	-0.0865159281	0.0283303355	0.0187050576	-0.0643826212	0.0867013494	0.0503004143	0.0322079832	0.0185678573	0.0331930261	0.0244965125	0.0648206246	-0.0341584213	0.0256538342	-0.0015420418	-0.0250081553	-0.0472910627	-0.150170364	0.0213967262	-0.0251662881	-0.0459306196	0.0694616498	0.0760367771	0.0566962195	-0.0304455583	-0.0532228161	-0.1518449239	0.1692740202	-0.0086604345	0.1334079879	-0.017021353	-0.017491261	-0.109492129	-0.0148552668	0.1147904836	0.117365566	-0.0989280485	0.0885800196	-0.0389435828	0.0934803601	0.0818217373	-0.1240676205	0.0514519723	0.0986383411	0.0788503402	-0.1007361838	-0.1729770988	0.0220695711	0.0207816293	-0.0072431407	-0.1068260652	0.0997661974	0.0341503175	-0.0299642363	0.0085158601	-0.0332194311	-0.1031102052	-0.0238706093	-0.067570587	0.029281516	0.1131550429	0.0651909369	-0.0089767982	-0.0433043445	-0.1284272578	0.0561663149	0.0167857873	-0.1460417008	-0.0111057544	0.0323458823	-0.0050614044	0.0049108905	0.0343080479	0.0276095067	-0.0554111962	-0.0645903808	-0.0212453901	-0.0255129598	-0.0088802454	-0.0217488126	0.0629094993	-0.0105940822	-0.0128512509	-0.1537351765	-0.0768467191	-0.1170312658	0.0159849413	0.0310624222	-0.108735184	-0.0610257733	-0.0599141756	0.1325020674	-0.0043786953	0.0142075408	-0.11749922	-0.1205491587	0.0139778854	-0.0709026606	-0.0153316663	-0.0980162567	0.035117066	-0.0304303238	0.0040292853	0.1047999336	-0.2035193057	0.0288496991	-0.0953843023	0.0169132578	0.0392736256	0.101908753	-0.1242755025	0.0036259954	0.0763388991	-0.0262779238	-0.0131342081	0.1148147904	-0.0833988097	-0.111476982	0.0191497405	-0.0912431164	0.0631924565	0.1277025658	0.0095464673	-0.002304935	0.0497897432	-0.039297642	0.0342728957	-0.1236004803	-0.0813345629	-0.06236273	0.0182784537	-0.1248065412	0.0418266791	0.0478557386	-0.0771837238	0.0135318513	0.0568238659	-0.0990283447	0.0301406	-0.0020436	0.00090845576836	4.176300960000012e-06	-0.0801865999999999	-0.0411308999999999	0.0064298908195599	0.0016917509348099	0.0230048	-0.0072896	5.313826816e-05	0.0005292208230399	0.00231697	8.31699999999996e-05	6.917248899999933e-09	5.368349980899999e-06	0.00201697	5.4620000000000016e-05	4.068167980899999e-06	2.983344400000001e-09	-0.000131943	8.6113e-05	7.415448768999999e-09	1.7408955249000002e-08	0.0
275.045925060465	0.2779219530026466	0.0772406119608053	75650.26089236692	393.6048117761035	0.0226321392825639	154924.74785330184	0.0005122137285053	288.14885928805336	0.0661523906552474	83029.76510900637	0.0043761387894044	299.2290086958664	242.40467014759568	1.144447	22.319407	0.0680222999999999	0.0316078	-0.073299004	0.0712125712	-0.0407605402	0.1350457005	-0.0803123557	-0.0769178009	0.10779164	-0.0561435283	0.035660683	-0.120030901	0.0215166477	-0.1182791992	0.0387513564	0.0017523257	-0.0021314124	-0.0032957874	0.0137077207	-0.0334350578	-0.0659298639	0.0206403374	-0.042988614	0.0117327917	0.0751894014	-0.1237456489	-0.0773297509	-0.0828840231	0.0280976456	0.0130547808	-0.0134432308	0.0293941201	0.0829260735	-0.1160709409	0.0129756012	0.0405762421	-0.1156461466	0.0976882058	0.0796289186	-0.0701389059	0.011755336	-0.0638592169	0.12941411	0.0425324591	-0.0615706217	0.0815204364	0.0355276652	-0.0493433546	-0.0606755612	-0.0153300121	-0.0505249935	-0.0488137078	-0.088009223	-0.1022809515	-0.0441679862	0.008430896	-0.0074280715	-0.0173143791	0.0154714108	-0.0635935588	-0.0109466241	-0.0680622392	-0.0138181072	0.0295063828	-0.017696922	-0.1042628441	-0.0709664212	-0.0068733351	-0.0174595992	-0.1126732271	-0.1124914374	-0.1617843248	-0.0419247179	-0.020847879	0.0834190182	0.0801530581	-0.0004304559	-0.0724021683	0.0392742334	-0.0741939138	0.0196458982	0.0392553834	0.0962289566	0.001118575	-0.031427439	-0.035723357	-0.0130379058	-0.0591757852	0.0016568851	0.0564075445	-0.0257968438	0.0102608316	0.0949292744	0.0547754631	0.2383560324	0.1120508602	-0.0743247012	-0.1302474015	0.0628655384	-0.1031292446	-0.0180639024	-0.0916362868	-0.078510069	0.0035157145	-0.0648820759	-0.0035263455	0.0493101395	0.0977937492	-0.1095528956	-0.0027751102	-0.0666442777	0.0102641134	-0.034233401	-0.010216541	0.0433058742	-0.0407246121	0.0499662703	0.0067713204	0.0115650442	-0.074674698	-0.0592962005	-0.0063365123	-0.0122450673	0.0486938297	-0.0263396177	-0.0585124757	0.0821782393	-0.1032579574	0.0128858823	-0.0024608414	-0.0502385046	-0.0787165991	-0.0361776755	-0.0013254181	-0.0578647096	0.0252187567	0.0143850093	-0.0100431015	0.0129322638	0.0193265763	0.0340360369	-0.0090369611	-0.2040484889	0.0950181498	-0.0666059771	-0.1473141739	-0.0235041043	-0.0390668995	0.0212735197	-0.1273295335	-0.0279606286	0.0853605991	-0.1721617836	-0.0096979789	0.0062414959	0.1129687083	-0.0199767758	-0.0505169915	0.0830604705	0.0927439411	0.1125480321	-0.0086725001	0.1019280658	-0.1344041963	-0.0656912107	-0.0380463274	-0.0103006718	-0.0978834297	0.1327988082	0.0170439541	-0.0420750442	-0.0855990258	-0.0152208895	0.0170847302	0.0302703044	0.081219631	0.0494771092	-0.0475108767	-0.070248666	-0.0521104949	0.0424121199	0.088895795	0.1095469095	0.0331135177	-0.0730140451	-0.0180204361	-0.0205775059	-0.0782907735	0.0168870486	0.0525182979	-0.0970388015	0.019401	-0.0107395999999999	0.000376398801	0.0001153390081599	-0.0554035	0.0247830999999999	0.00306954781225	0.0006142020456099	0.0120344	-0.0109703999999999	0.0001203496761599	0.00014482678336	0.00213371	-0.0001832599999999	3.358422759999991e-08	4.5527183641000005e-06	0.00196235	-5.4620000000000016e-05	3.8508175225e-06	2.983344400000001e-09	-0.000324647	-0.000192704	3.7134831616e-08	1.0539567460900001e-07	0.0
275.4103905934075	0.3644655329425177	0.1328351247030734	75850.88324681328	394.63220273121925	1.0273909551157772	155734.57543249414	1.0555321746537087	288.29134064793755	0.1424813598841865	83111.89709258516	0.020300937914447	299.6021328766764	246.7960571946132	1.131502	22.066954	0.0548129499999999	0.0290757	-0.1083994048	0.1424561284	0.0394780917	0.1044927989	-0.062682652	0.0056100445	-0.0534011273	0.0066439607	-0.0504504693	-0.1115825728	0.0786123265	-0.0926625165	-0.0218735986	-0.0028456229	-0.0223887632	-0.0066842901	-0.0805920748	0.0777459628	0.0012011123	-0.0600993059	0.0513949531	0.0365096792	-0.0183342681	0.1109929662	0.0977561244	-0.0791395545	0.0404073157	0.0171020547	0.0280799689	0.0588006893	0.0706350424	-0.0360126537	0.014115036	-0.089612508	0.1539713764	0.0799404792	-0.1040429648	0.0432035136	0.0386341837	-0.1103451423	-0.0758217207	0.0423991583	-0.0741542858	0.000681006	0.0826702342	0.0799492149	-2.20243e-05	-0.0262568404	0.0415249904	0.0532579801	-0.1224511615	-0.1576257621	-0.1034688299	0.0658831135	0.0511472214	0.0662460372	0.0351073224	0.0695380399	0.0226626182	0.0031292814	-0.0669889897	0.2150520795	-0.0556531205	0.0642210775	0.0632458146	-0.0182519308	-0.0860576442	-0.0247217972	0.0346917997	-0.0212995986	-0.0232545241	0.0947695715	-0.0932434332	-0.0294457745	-0.0069548805	0.0031967084	-0.0585657699	0.1376948785	0.0797931357	-0.0203638725	-0.0522913835	0.0091235689	-0.0568533994	0.1287346924	-0.0130084948	0.0523533226	0.0853446257	0.0262626824	0.059695652	-0.0247838213	0.1124476368	0.0281646506	-0.0874891792	-0.1457208738	-0.0348787094	-0.0031232719	-0.0586798909	-0.0980730803	0.0820384126	0.012264131	0.038759353	0.0093394662	-0.0466108549	0.182574437	-0.0043742281	0.0367581718	-0.0212145203	-0.0609330639	-0.0737702545	-0.0222260863	-0.0508061473	0.0745194058	-0.0969882165	0.0477506328	-0.0343438909	-0.0497555378	-0.0964222572	-0.0779851948	-0.1329017929	0.012375267	0.0172962103	0.0935753707	-0.0316233595	0.0258903976	-0.0038988104	0.1972369509	0.0285205211	0.0537279212	-0.0515716943	0.1117675273	0.0966076607	-0.0871953518	-0.0607380952	-0.0927888019	-0.0863494018	0.0365479761	0.0316380371	-0.1142668124	-0.0247008892	-0.0778909347	0.116298209	-0.0313365292	-6.74483e-05	-0.0277117882	-0.0842640906	-0.0566886807	-0.0248164577	0.1013677173	0.0213308402	0.0071408192	0.0244916261	0.0213848882	-0.0813834199	0.0121827565	0.0428091502	-0.0211667607	-0.0313484036	-0.0187273746	0.0350306991	-0.018917976	-0.0622483162	-0.1105725352	0.0183908446	0.1331002034	0.0440251629	-0.1318116855	0.0773814479	-0.0091128282	0.1045546855	-0.0335117271	0.085986246	0.0270024319	0.038205105	0.0635197549	-0.0207592569	0.0067828997	0.0503080958	-0.0275938979	-0.0044716755	0.0222248325	0.0222955045	-0.0150875284	-0.0281449136	0.0126306263	0.006334806	-0.0793764193	0.0202237803	0.0480835316	-0.0946249323	0.027957	0.0085559999999999	0.000781593849	7.320513599999996e-05	-0.0554078	-4.299999999998749e-06	0.00307002430084	1.848999999998924e-11	0.0234125	0.0113780999999999	0.0001294611596099	0.00054814515625	0.00201042	-0.0001232899999999	1.5200424099999965e-08	4.0417885764e-06	0.00154819	-0.0004141599999999	2.3968922761e-06	1.7152850559999984e-07	-0.000164606	0.000160041	2.5613121681000002e-08	2.7095135236e-08	0.0
275.0880312371339	-0.32235935627358	0.1039155545771169	75673.42492992237	393.8042991067283	-0.8279036244909435	155081.82599494152	0.6854244114452411	288.33153767031075	0.0401970223732064	83135.07561532583	0.001615800607672	299.4509325700464	243.82136639463485	1.110791	21.663031	0.0666644949999999	0.0328177	-0.1234012459	0.1551099412	0.0615926909	0.0121293329	-0.0558398194	0.0606969629	0.0531242527	-0.0126377506	-0.1027950778	-0.1231079206	0.0446738354	0.0287611418	-0.0273929894	0.0087988342	-0.1589447471	-0.0884802473	0.0153920282	-0.0106693862	0.0145795581	-0.0788858762	-0.0401020214	0.0577862679	0.0207328718	0.0690794784	-0.1083163352	-0.0828262952	0.0701814354	0.0564273066	-0.0436640964	0.0156118503	-0.0071547099	0.0604461757	-0.0781586862	0.0154853095	0.0020021792	0.0910786113	-0.0611031951	0.0579905726	-0.0477562726	-0.1169474666	0.1020657314	0.0322392779	-0.0057545384	-0.0733761204	0.0021309286	-0.1018317212	0.0783515477	-0.0963679882	-0.0493332859	0.0575252005	0.0072773243	-0.029204769	-0.067492998	-0.0407264748	0.0330717199	-0.1638123353	0.0241614424	-0.2228213325	0.0086916736	0.1065890558	-0.0727983933	-0.0067628614	0.0204534658	0.0125582996	0.0314817976	0.0279081219	-0.006177213	-0.0090355714	0.0682093568	-0.0455137599	-0.0522541618	0.0186524838	0.014792431	0.0205385591	0.0236237397	0.0722845221	-0.0835382801	0.055707326	0.0632426558	0.0080399718	0.0362776876	0.0151745256	-0.0797820726	0.0487712002	-0.1115643453	-0.1442965198	-0.074428463	-0.0239856343	-0.0068941206	-0.0640894329	0.0592790399	0.0605456583	0.0496762717	-0.032694094	0.0700245549	-0.0166544711	0.0956127335	-0.1028377769	0.1028788259	0.0235866541	-0.0121994335	0.130546307	-0.0198618252	0.0225484619	0.0509243474	0.1001567083	-0.137655859	0.0049046387	0.0327756786	-0.039417917	-0.0135962939	0.039902823	-0.0780811806	0.059560992	-0.0170149652	0.0517651082	0.0042920819	-0.1036640779	-0.0097183983	-0.0616018772	0.0679710909	-0.1872068744	0.1122563092	-0.1163674904	0.0032916517	-0.0201646689	-0.0533708467	0.0424010982	-0.0044599136	-0.043778511	0.0397589491	0.0352037803	0.0626976801	-0.0351869974	0.0212035144	0.0184018749	-0.0949952373	-0.0956860427	-0.0424976937	0.0539192824	-0.1380677434	-0.0442194936	0.102145613	0.0276298423	0.0009527612	0.021922618	0.0917433277	0.0434004689	-0.0005834726	-0.0338869838	0.0457664623	-0.0236561606	0.0870121705	0.0267304332	0.1064439185	0.0311966952	0.0684906644	-0.0181174283	0.0574449636	-0.1374822498	-0.0674034555	-0.1157053612	-0.0307233431	-0.0268481603	0.046753317	-0.1566493473	0.0196475375	-0.1145584218	0.0191256828	0.0312363726	0.0195040773	0.0051585154	-0.0018801248	0.0203434947	-0.1115207405	0.0389098527	0.0347392401	0.0044745073	-0.0652037821	-0.040764018	0.0210643303	0.0060893493	-0.0647627525	-0.0871476182	0.0224454655	-0.0804403643	0.0235383975	0.0435304769	-0.0917972923	0.0316863	0.0037293	0.00100402160769	1.390767849000001e-05	-0.0825097	-0.0271019	0.00680785059409	0.00073451298361	0.0164326	-0.0069799	4.8719004010000006e-05	0.0002700303427599	0.00226239	0.0002519699999999	6.34888808999999e-08	5.1184085121e-06	0.0017686	0.0002204099999999	3.12794596e-06	4.8580568099999953e-08	-5.99181e-05	0.0001046879	1.095955640641e-08	3.5901787076099997e-09	0.0
274.77390026196974	-0.3141309751641756	0.0986782695575959	75500.69626517489	394.0269594181994	0.2226603114710883	155257.24474835137	0.049577614304402	288.1815836089626	-0.1499540613481258	83048.62513136951	0.0224862205147974	299.3619316113448	247.9475398074852	1.161954	22.660833	0.070811045	0.037202	-0.1005740734	0.12137066	-0.0176267585	0.0295261594	0.0352450133	0.2410637392	-0.0403996307	-0.0127101705	-0.0733682368	-0.1385038358	-0.0277910275	0.0589107177	0.065902995	0.0192305374	-0.0387437987	-0.0697500339	0.050851577	-0.0927569104	-0.1034008619	-0.0370965852	0.0693558443	0.0198679464	-0.1196428383	0.0596031993	0.0009257168	0.0106307311	0.1110440202	0.0052990526	0.0228938397	0.082758698	-0.0045510636	0.0957068025	-0.0453046157	-0.0049116492	0.0429721143	0.0941462551	-0.0185044438	-0.0257123174	0.0406872179	-0.1203112258	-0.0753542372	-0.0039220669	0.0270778484	0.0088593738	-0.0983851152	-0.0953274419	0.0553262812	0.0944737948	0.0039082236	0.0657108158	0.0305286911	0.0473832471	-0.1255957215	0.1354315712	0.0410968379	0.0721966445	0.0052416483	-0.0784794622	-0.0166793125	0.0220191052	-0.0249866821	0.0101422104	-0.0708653542	0.0093435861	-0.0569788512	-0.0608734892	-0.0367891664	0.1679153019	-0.0017367371	-0.147566074	-0.0146960526	-0.0121510474	-0.0228259569	-0.0052468749	0.0584069001	-0.0509405707	0.0721065793	0.1331718109	-0.042235687	-0.076971778	-0.0648674684	-0.0013538467	0.0496236533	-0.0354467402	-0.0428867378	-0.0957961937	-0.1503009209	-0.0805807776	0.028393978	0.0144357109	0.0373403174	-0.0190167658	0.138777117	0.0237251495	-0.1121180679	0.1705269087	0.0085245488	-0.0941974815	0.0650057116	-0.0041324756	-0.0358288306	0.0774573368	-0.0822224117	0.0930388849	-0.000654585	0.0142058817	0.026394008	0.0677731856	0.1476530834	0.0842437161	0.0450056253	0.1567850885	0.0444572992	-0.0455048307	0.0196563675	-0.0869806017	-0.0689093272	-0.0760155158	0.0820179808	0.0755271561	-0.0307055715	-0.0877435596	-0.0007894182	0.0594909321	0.1397361186	0.007161497	-0.0119460061	-0.0688041697	-0.023496599	0.064655136	0.0388692304	-0.0849560621	-0.0489801915	-0.0012297537	0.0093453556	-0.0670843916	0.0128979586	-0.0288775833	0.0183297133	-0.0437280185	-0.0383522337	-0.0263609271	-0.0989740305	0.1275881123	-0.0377555043	-0.0096197078	0.1046722718	0.0932926557	0.0472373924	0.0092680276	-0.1042595582	0.1258861915	0.1042701718	0.1037947956	-0.06610213	0.0606067202	0.0002204053	0.0585722179	-0.0030965213	0.0973883641	0.093519274	-0.0978905449	-0.0359909751	0.006169616	0.043282388	-0.1456573562	-0.005473889	0.0135938083	0.0250375809	0.0517529051	-0.0643773358	0.0282133352	0.0083595342	0.0182642929	0.0246268581	0.0552234053	0.0134198309	-0.0552454467	-0.0303219197	-0.06509169	-0.1182111037	-0.0360897475	0.0407739787	-0.0968341806	0.0848863542	-0.0814823178	0.0268272759	0.0388703345	-0.0885682462	0.0326998	0.0010135	0.00106927692004	1.0271822500000011e-06	-0.0650929	0.0174168	0.0042370856304099	0.00030334492224	0.0320043	0.0155717	0.00024247784089	0.00102427521849	0.00176009	-0.0005023	2.523052900000001e-07	3.0979168081e-06	0.00196235	0.0001937499999999	3.8508175225e-06	3.753906249999997e-08	-0.000100049	-4.0130900000000006e-05	1.6104891348100002e-09	1.0009802401e-08	0.0
274.3446380783622	-0.4292621836075341	0.1842660222755083	75264.98044234754	393.2758552957592	-0.7511041224402106	154665.89835861092	0.5641574027466789	287.61174150810405	-0.5698421008585797	82720.51385332446	0.3247200199109197	298.80890325246446	242.41462674915093	1.138535	22.204111	0.09315585	0.0396939	-0.0679438623	0.0639861789	-0.0822343294	-0.0328982929	0.0533453484	0.0888864325	0.0922091252	0.0480342721	-0.0133755944	-0.1022238141	-0.0885281076	0.0370431998	-0.031875322	-0.1775026484	-0.0658568025	-0.0623497005	0.0935493307	0.0446078547	-0.0447305032	-0.0917398148	-0.0267591122	-0.0356633606	0.0766537967	0.0524470563	0.0106361914	0.0100348614	-0.0033567232	0.0262134355	-0.0439523588	0.0054123003	0.0049152106	0.0519244789	-0.0533384662	-0.0235513524	-0.1140580017	0.0637544285	-0.1891569811	-0.0967199335	0.0062622136	0.096569949	-0.0122118195	-0.0747265239	0.0975686694	0.0374719919	0.1067130867	-0.0083378274	0.0865740432	0.023553002	-0.0309169263	-0.0767927947	-0.0182196225	0.0195802455	0.0532838283	0.005731881	-0.0340150639	0.0230426441	0.0509248515	-0.1648727087	0.0496961526	0.0480924853	-0.0202213695	0.0566716385	0.0937278179	-0.1160997295	0.0044066102	0.0873785384	-0.0831838178	0.0471009287	0.0753845189	0.0551960421	0.0528985622	-0.0197272517	-0.1108477187	0.0512316068	-0.0243094383	-0.0399857363	0.0944378656	-0.0417318129	0.0160549358	0.1172614846	0.2150500003	-0.0848274615	-0.0049823929	-0.0680393389	0.0331603855	0.0550317502	-0.1197905467	0.0756831948	0.0515606881	0.0031211996	-0.1484508214	-0.0420447359	0.0807009909	-0.0180904866	-0.0121376619	-0.0240102572	0.0081995155	-0.1121052218	0.1297117159	0.08836054	0.026189534	0.0354920106	0.1255602273	-0.0293447716	-0.163114893	-0.0539606467	0.005187428	0.1002325249	-0.0376758576	0.0189403646	-0.0006869492	0.0103913981	0.0478950389	-0.1100884122	0.0146921317	0.070716118	0.0047515292	-0.0911553582	-0.1056653233	0.0356707511	0.0437954048	-0.042997616	0.0338779806	-0.0893808145	-0.0385140745	0.0304406715	-0.0241378764	0.0504174956	-0.1043983615	0.1037110012	0.0151397218	0.0583877723	0.038735336	0.0395377085	0.1294782324	0.1390004054	0.0033518474	-0.0826652712	0.0994280569	0.1045294477	-0.1244878551	-0.0208297772	0.0075676689	-0.0272659661	0.0484728064	0.0149243593	-0.0110074798	-0.0052654859	-0.0519861519	-0.1170958939	0.0067207478	-0.0735294817	-0.0690494789	0.0864995036	-0.1186812913	-0.0842090927	0.057343164	-0.0427814825	-0.040616347	0.068835812	0.0490313142	-0.0863936426	0.0261369528	0.0841349315	0.0457177243	-0.0683984297	-0.0560274438	-0.0489933394	-0.1288601815	0.0732061092	-0.0507327784	-0.0421586795	-0.0184147293	0.033537813	-0.0273948319	0.0390641978	-0.0046120092	-0.0045639194	0.0243110258	-0.0203478851	0.0356386377	0.0508617003	0.0552241184	-0.0534807582	-0.0033319207	-0.0825019948	0.030086819	0.0341145687	-0.0849519136	0.0194023	-0.0132975	0.00037644924529	0.00017682350625	-0.0833904	-0.0182975	0.00695395881216	0.00033479850625	0.0419702	0.0099659	9.931916281e-05	0.0017614976880399	0.00234704	0.0005869499999999	3.445103025e-07	5.5085967616e-06	0.001742	-0.0002203499999999	3.0345640000000004e-06	4.855412249999992e-08	-0.000324648	-0.000224599	5.0444710801000015e-08	1.0539632390400002e-07	0.0
274.3680325920038	0.0233945136415627	0.0005473032685252	75277.81730840684	391.9738832390535	-1.3019720567056652	153643.52514150317	1.6951312364423798	287.8610074941131	0.2492659860090498	82863.95963552584	0.0621335317810638	298.9834601823366	242.27868463484668	1.084877	21.15765	0.0405080499999999	0.019894	-0.048084235	0.0272898778	-0.0547446914	-0.0490810485	-0.0416738208	0.0763355033	0.0614055676	-0.1370761335	0.0193559085	-0.0763962718	-0.1545015802	-0.0206724765	0.1320057945	0.0046696092	-0.0810418336	-0.0536199045	0.034656346	0.0400548385	0.0084136675	-0.0082156107	0.0086823505	-0.0465850369	0.0010395702	-0.0308246787	0.0949169495	0.0777589297	0.0307585976	0.0583847196	-0.0337121857	0.090854779	-0.092810552	-0.1079612763	-0.1030862307	0.0142965049	0.0648166143	0.1234744526	0.0156219198	-0.0814281468	0.0834878758	0.1208690617	0.0931449135	0.0628225171	0.0222838472	-0.0179710341	0.0061209358	0.038500414	-0.0119725592	0.0154527011	0.0306795278	0.0180192656	-0.0324663373	0.0722823838	0.0309794543	0.1216692378	0.0222277202	-0.0038940643	-0.0884730699	-0.0136802812	-0.1211090009	0.0593654592	-0.11982222	0.115020783	0.0538143157	0.0144812505	0.1760690497	0.0317487064	0.1457239345	-0.0171481868	-0.0984849277	-0.0833056054	-0.0091951484	0.0297768896	-0.0452204614	0.1362727192	0.0391723241	0.1034616778	0.0081778358	0.0386138812	0.0650054009	-0.1539417481	-0.1185259719	-0.0748204837	0.0500492716	-0.002584986	0.0420243756	-0.1513007704	-0.0199883722	-0.0079598478	-0.0024488303	0.1106780747	-0.0155108062	-0.1259407394	-0.0353473113	-0.0552891723	-0.1009026013	-0.062879821	-0.0606933187	-0.1235791923	0.0364944313	-0.0083427586	-0.1354826768	0.0263210956	-0.0061136247	-0.0749403923	-0.0917060715	-0.0421349467	0.031972695	-0.096128284	0.0777145708	-0.0264752663	-0.0018830777	0.0277910072	0.0086287243	0.001166476	0.0082151363	0.0391707546	-0.1517285874	0.0068789328	0.0809331397	-0.0021980569	0.0717741324	-0.0394419043	-0.2155076454	0.0461177862	0.0732682383	0.0126391063	-0.0729879018	-0.0778547569	0.0097362591	0.0040052002	-0.1031843208	0.0672473253	0.200249228	-0.0044151445	-0.1633579279	-0.0993189852	0.0225724079	-0.1759632747	-0.0872960201	0.0153626135	0.0830405989	0.1097768731	-0.0418224696	-0.0660543517	0.0403132078	-0.0042712581	0.0287349681	0.0119933442	0.1497668445	0.0252825062	-0.0259389307	0.1186622551	0.0632687084	-0.051358491	-0.046337339	0.0102756362	0.0576865624	0.0104569012	-0.0303966134	-0.0184054797	-0.0961239311	-0.111402729	-0.0851312632	-0.0490451199	-0.0129450813	-0.0458488857	-0.0438520301	-0.004223149	-0.1264274656	0.0080822886	0.0248401828	-0.071420449	0.0011478599	0.0827621835	0.0276017146	-0.0408781808	0.0497826882	-0.0062710655	-0.065962687	-0.0099574921	0.0283974228	-0.0182945134	0.0460487739	-0.0944939652	0.0287381609	-0.0834991166	0.0333134626	0.0292748789	-0.0809641079	0.0193923	-9.999999999999593e-06	0.00037606129929	9.999999999999184e-11	-0.0909299	-0.0075394999999999	0.0082682467140099	5.684406024999986e-05	0.0276954	-0.0142748	0.00020376991504	0.0007670351811599	0.00226239	-8.464999999999992e-05	7.165622499999986e-09	5.1184085121e-06	0.00196235	0.0002203499999999	3.8508175225e-06	4.855412249999992e-08	-0.000255973	6.867500000000003e-05	4.716255625000004e-09	6.5522176729e-08	0.0
274.39490321914747	0.026870627143694	0.0007220306030954	75292.5629126453	392.93242090278574	0.9585376637322156	154395.88739652396	0.918794452793214	288.0584090428237	0.1974015487106157	82977.64702028275	0.0389673714333496	299.15382037218035	240.80405608238848	1.16331	22.687288	0.0767749199999999	0.0383233	-0.0638549905	-0.0750979581	0.0002676867	-0.0511338779	-0.1238486976	0.0520030914	-0.0306024804	0.0236804158	0.1048184991	-0.0189763557	-0.0765632087	-0.0715529723	0.0101165895	0.0381617232	0.0206773365	-0.0534188258	0.0789023917	-0.0989016033	0.0293559254	-0.0005979105	0.0349035113	-0.125035147	-0.0554252178	-0.0303344908	-0.0395369894	0.0381412517	-0.0182982784	0.0283300273	0.0866511716	0.0928055767	0.0517701361	-0.0841504037	-0.0232346531	-0.082285459	-0.090024809	0.1054227766	-0.0675907981	-0.0597747666	0.0232448778	-0.07093381	-0.0268095158	0.0166403335	-0.0400431143	-0.0538356273	-0.0682204576	-0.0637596956	0.0891570884	-0.0454315594	-0.0088278395	0.0043846165	0.1405223959	0.0573117314	0.0686465507	0.0458973686	-0.0322336382	0.0537919828	-0.0315673085	-0.0615432753	-0.1266322605	0.0555110455	0.0387413485	0.0377341507	-0.0335195671	0.1069174193	0.1055249623	-0.090900094	-0.0552090125	-0.0624425072	0.0002794196	0.0748882394	-0.0779195616	-0.0573747714	-0.007653332	-0.044816262	0.0755313586	0.032571702	-0.0623330226	0.0014061922	-0.0179267265	-0.1702501791	-0.0193305775	-0.0403192471	-0.1284624837	0.0371563358	0.087353794	-0.0060636487	-0.0368167971	-0.0279729869	0.1197966531	0.028354451	-0.0230225838	-0.0081830234	-0.0105775309	0.0045101589	-0.1187968128	0.0203260695	0.0893488232	-0.1054967501	-0.0342796585	0.0073117892	-0.0620264234	0.0151582694	0.0536651011	0.0865333656	-0.062719925	0.0257300097	-0.0177709809	0.0564312274	0.1393358284	0.0172289267	0.0754573072	0.0601110182	0.0070072328	0.0572613812	-0.0544687436	0.0375094335	-0.063966163	0.0003066722	0.0462573252	-0.0492586121	-0.0205604441	-0.0561478439	-0.0406874868	0.0337943552	-0.0316890333	-0.0081938308	-0.0603358976	0.0375444801	0.020690664	0.0342512275	0.0552721459	0.0306715071	0.0416951257	0.185580682	-0.1107912981	-0.0133556772	-0.0144478881	0.1276547891	-0.130849894	0.0331218434	-0.0127544826	-0.0147434377	0.0554862194	0.0609729036	0.0113937254	0.0418997453	-0.0371246595	0.0272060336	0.1089323944	0.0094556639	0.0805888654	0.0452497009	-0.0522692804	-0.1091041369	-0.05363673	-0.0178280647	-0.0485722858	-0.0616682067	0.0724382813	0.0538341397	0.0364685068	-0.0836550247	-0.0511474353	0.1106586052	-0.0842738887	-0.0340916069	-0.0248189429	0.0742194461	0.0125253185	0.0636966909	0.0707894176	-0.0712001303	0.0014788157	0.0895502506	0.0454823115	-0.0503213764	0.0237193124	-0.0459341101	0.0127808683	-0.0002431978	-0.0533962455	0.1282557084	0.0750024632	-0.0057726367	0.0058745749	-0.0844734105	0.0365036785	0.0243631711	-0.0766222668	0.00436933	-0.01502297	1.90910446489e-05	0.0002256896276209	-0.0607571	0.0301727999999999	0.00369142520041	0.0009103978598399	0.0429228	0.0152273999999999	0.0002318737107599	0.0018423667598399	0.00210603	-0.0001563599999999	2.4448449599999976e-08	4.4353623609e-06	0.00186035	-0.0001019999999999	3.4609021225e-06	1.0403999999999977e-08	-0.000324648	-6.867500000000003e-05	4.716255625000004e-09	1.0539632390400002e-07	0.0
274.4142550976656	0.0193518785181368	0.0003744952021807	75303.1834008067	393.3521139562463	0.4196930534605485	154725.88555384777	0.1761422591230388	287.9778205411618	-0.0805885016619072	82931.22512363759	0.0064945066001112	299.18992410298523	242.863577471095	1.059438	20.661541	0.05995345	0.0341974	-0.047585579	-0.0838301736	0.0140615793	-0.0031154658	-0.0865756889	0.0941636941	0.0800777033	-0.0387091485	0.0754306997	-0.0744149358	-0.0410278117	-0.0147703334	-0.0373408019	0.0354300362	-0.0503061643	-0.1311700305	-0.0154934437	0.031658259	0.1974339854	0.0428374491	-0.0536415531	-0.1247370583	0.0024308709	0.0674287157	0.0378967158	0.0509355151	-0.1193654448	0.0319636534	0.0376981491	-0.0931512217	0.063711588	0.0392675734	0.0222644586	-0.0076641951	0.023221978	0.1091802932	-0.0959507535	-0.0489177829	0.0135911211	0.0455618939	0.0135689653	0.0148184721	0.0788192662	-0.0187217838	0.0025931348	-0.1107508559	0.0288596618	-0.0897600802	-0.084101675	-0.1621971429	0.0208895586	0.0085208974	0.1321468049	-0.1942924832	0.0595280187	-0.0811976037	0.0224375682	0.0551601811	-0.038614141	-0.0212816714	-0.1107768991	-0.0343342854	0.0404378399	0.0318635827	-0.0828118624	-0.0633437408	0.005531991	0.0097422625	-0.0401784673	0.0509198514	-0.0079126417	0.0787404183	-0.0231916336	-0.0311680899	0.0089706753	0.046446063	-0.0937314815	0.0358827266	0.0859943434	0.0736788457	0.1214356326	-0.0656298501	0.015740017	0.1425611275	0.064819365	0.0649681114	-0.0776277202	-0.1572209279	0.0342200156	-0.0497308466	0.0355402353	0.0492124223	0.1173779027	-0.0354464333	-0.0969599412	0.0041885531	-0.0928357476	-0.1214872399	0.0314349018	0.0139304109	-0.0330157501	0.0479841476	0.1241312601	-0.0549749775	-0.0502346095	0.0251426438	0.0101511939	-0.0734243111	0.0141475641	-0.059055329	0.1852489839	-0.0328340024	-0.1065179294	-0.0492071045	0.0292420583	0.0728211234	0.0976007574	0.0766032872	-0.0665786486	-0.1304672285	-0.0576371714	-0.0948826484	-0.0269169791	-0.0915071125	-0.0483260899	-0.0018890621	-0.0546871693	-0.044954922	0.0004892685	-0.071481023	0.0452856021	-0.0136753114	0.0442751056	-0.0613212276	0.0267209367	0.0177191826	0.0292077558	-0.0519787807	-0.0431246146	-0.0618608259	-0.0579497558	0.0070670346	-0.0397997812	-0.0147102417	-0.0765230934	0.0195988597	0.0178558814	0.0468153495	-0.067624161	0.0393925383	0.0028457523	-0.0006855475	0.029377462	-0.0817330893	0.0307654761	-0.0232975632	-0.1716219113	-0.1605871093	-0.1179265586	-0.074886667	0.0888954301	-0.0680312209	-0.0758898385	0.0575999918	-0.0860849431	0.0140627928	0.0389299347	-0.1377641142	-0.0458362276	0.0902782063	-0.0174122975	-0.0682100493	-0.0152056283	-0.0484095642	-0.0502592238	-0.0124955917	0.1009240307	-0.0717417832	-0.0257384658	-0.0633713618	0.031473573	0.0238887903	0.0829312002	0.0269622841	0.013275521	-0.0854246103	0.0396539781	0.0193915285	-0.071945376	-0.00211087	-0.0064802	4.4557721569e-06	4.199299204e-05	-0.093615	-0.0328579	0.008763768225	0.00107964159241	0.0494131	0.0064903	4.212399409000006e-05	0.00244165445161	0.00226239	0.0001563599999999	2.4448449599999976e-08	5.1184085121e-06	0.00182217	-3.818000000000007e-05	3.3203035089e-06	1.4577124000000052e-09	-0.000236687	8.796100000000003e-05	7.737137521000006e-09	5.6020735969e-08	0.0
274.4575805130852	0.0433254154195879	0.0018770916212798	75326.96350109664	393.1553724366373	-0.1967415196089632	154571.146875791	0.038707225538044	287.9602545998022	-0.0175659413595781	82921.10822918292	0.0003085622958481	299.2146142697877	243.5186758493329	1.059586	20.66441	0.04070745	0.026016	-0.0167442502	-0.036932066	-0.057247828	0.1341968446	-0.0532563167	0.1119913888	0.0822556546	-0.0747302924	0.0837462375	-0.0486150593	0.011497437	-0.1188724707	0.0481867375	0.1040879294	0.0251942884	-0.0542294559	0.1273513204	0.0603186024	0.0553762511	-0.0844802745	-0.0428129016	-0.0118184398	0.0746640711	-0.0023037533	0.003306935	-0.0241102174	0.0072460946	-0.0611171737	-0.0965316062	0.1261439777	-0.0733741396	-0.0341110488	-0.0815685345	0.1072615054	-0.0480119306	0.1406534712	0.0434170416	-0.0636680452	0.103218947	-0.0022426275	0.1178900522	0.0002295985	-0.0242658645	-0.0407556616	0.0578216319	0.0169568565	-0.0285429264	-0.0482572382	0.0095229548	0.0720599683	-0.0827128187	0.0652906609	-0.021721696	-0.0942062973	-0.0261328302	0.009217394	0.0380303542	-0.0632894736	-0.0522034157	-0.0914559133	-0.027235652	0.0210850819	0.0621987832	-0.0320275416	-0.063399163	0.1209268974	-0.0181386039	0.02127044	-0.017216584	0.0823025093	-0.0331058813	-0.0197135009	0.0259359087	0.0656271521	0.0594249194	0.0256428134	-0.0260327285	-0.0375122672	-0.0199371765	0.0515249907	-0.0839357833	-0.1153750773	0.0457210882	-0.0934980369	-0.009086759	-0.0147858162	0.06715946	-0.0688173985	-0.0656879465	-0.0307114825	-0.0446513504	0.0025034735	0.0690963232	-0.0312689148	0.0567382881	-0.0654901588	-0.0561837656	-0.1672449898	-0.0527731078	-0.0934948861	-0.0349944353	0.0054194417	-0.0134305013	-0.053223559	-0.1152435395	0.0009660891	-0.073129779	-0.0181958894	-0.0740022475	-0.0265747407	-0.0801186516	-0.0460141852	-0.0623363347	-0.0139408088	0.0942757322	0.0109954186	0.1227884038	-0.1027726216	-0.0555941597	-0.0008731426	0.0118398895	-0.0329910487	-0.0087921237	0.0875420462	0.0197754516	0.0100485038	-0.0290395938	0.0403531694	0.030881976	-0.0983480336	-0.0895080435	0.0396165595	-0.0441542324	-0.0469915684	0.0359271619	0.0088010548	-0.0522695223	0.01171907	-0.0860644993	-0.013721283	0.0125459263	-0.0107151416	0.1024573067	0.0616966846	0.0490698725	-0.0591725698	0.0142313826	0.0555660681	-0.0024275443	-0.0707747762	-0.0200906868	0.0418468093	-0.0363162275	0.0547048978	-0.0737654004	0.0014243911	0.0231526645	-0.0373866079	-0.0446071782	0.1357049532	-0.0604779642	-0.075970081	-0.1409884388	-0.0112402671	-0.0337245469	-0.0133533437	0.0960551728	0.0242840502	-0.0483821646	0.0690579714	-0.1127376938	0.0110846026	0.0074247342	-0.0185871618	0.003421058	-0.0627887846	0.0510585145	0.0165736477	0.0076040341	0.0727322123	-0.0228923924	0.0366036612	-0.0373990323	0.055771831	0.0282622466	-0.0863524559	0.0427609166	0.0143721814	-0.0669538864	-0.00210787	2.9999999999999645e-06	4.4431159369e-06	8.999999999999786e-12	-0.0738829	0.0197321	0.00545868291241	0.00038935577041	0.0327857	-0.0166274	0.00027647043076	0.00107490212449	0.00226239	0.0	0.0	5.1184085121e-06	0.00188694	6.477000000000002e-05	3.5605425636e-06	4.195152900000002e-09	-0.000258816	-2.212899999999999e-05	4.896926409999996e-10	6.698572185599999e-08	0.0
274.59115723125075	0.1335767181655569	0.0178427396358806	75400.30362959747	394.0500075894541	0.8946351528167611	155275.40848124883	0.8003720566554695	288.13693259724096	0.1766779974387304	83022.89192654697	0.03121511477896	299.3404903227263	242.6999836069268	1.070561	20.87845	0.0453051499999999	0.0263901	-0.0065947809	0.0266180772	-0.0388759116	0.1068091803	-0.0762053594	0.0194477719	0.0818213502	0.0861052315	0.0414012085	-0.024180202	0.0063696061	-0.1002889451	-0.0924966399	-0.0472161483	0.039267509	-0.0432414832	0.0192770921	-0.0092399947	0.0590674312	-0.0383982787	0.0414224299	-0.0053825383	0.0521918997	-0.0842234718	0.0567415731	-0.0143652452	-0.0302780758	0.1168428314	0.0475601782	0.0915448427	0.0601306202	0.0466641979	-0.0142885207	-0.0563710978	0.0412045413	0.0981199554	-0.0414472826	0.030299575	-0.0450126518	0.0315681762	-0.012827784	-0.0549240617	0.0715511905	-0.051929927	-0.0904000325	0.0748745512	-0.0020265205	-0.0450229536	0.0306862519	-0.0891703728	-0.0822168969	-0.1021603963	-0.1026658814	-0.0574475961	0.1410616916	0.053697795	0.1190235494	0.0788353768	0.0327757374	-0.0692966212	0.1596648795	-0.1640533729	0.0411958958	-0.0549860131	-0.0620359928	-0.0118320702	-0.1343255283	-0.0103472503	0.0557295187	0.0936273967	-0.0186338139	-0.1153811961	0.0951681859	0.0887919851	0.1013723178	0.0266981441	0.01881062	0.0700006922	-0.0021621203	-0.0305110579	0.0754039056	-0.0599598112	-0.0194660106	0.0372675412	-0.0046314497	-0.0365421464	-0.0217547387	-0.0812317673	-0.0122598804	-0.0084503102	0.0435993406	-0.0674232223	0.0113754778	0.0729930921	-0.1345092057	0.0255412825	0.0325524698	-0.1072868976	0.0303150698	-0.0553906089	0.0651668974	-0.0119187884	0.0737415846	0.075568786	0.0246667803	-0.0461528362	0.0158464646	0.0057403835	0.0150363037	-0.0227864458	-0.0949046729	-0.0330136994	-0.1222679776	-0.1145675363	0.0442763394	-0.030285504	0.022169574	0.049571213	-0.102534804	-0.0835970681	-0.1648359061	0.0749261957	0.1361493216	0.0661946873	-0.0685675296	-0.126168979	-0.040544426	0.0949187029	0.0079613129	-0.0777176127	0.0698455689	-0.0420776811	-0.0385099581	0.0071924124	-0.1229779272	0.077502056	0.0584153357	-0.0547998099	-0.0466043193	0.0606249928	-0.0940491298	0.0932008846	-0.1193743694	0.1096279128	0.0612256792	-0.084705298	-0.0096419107	0.0427470044	-0.14628915	0.0652237446	-0.0705780802	0.0593181708	-0.0083470084	-0.112472437	-0.1031722082	0.0559297356	0.1188628212	-0.0651633199	0.0938712368	-0.0297443791	0.0726813476	-0.0507435413	-0.0536911233	0.1679494712	0.0470199784	0.0025610789	0.0554620625	0.0100217816	-0.0342658893	-0.0674127557	-0.0310366486	-0.0404226979	0.0021047658	0.0744808328	-0.0017718821	-0.0606444347	-0.007437853	-0.0801013049	0.0499823754	0.021036164	0.028480521	-0.0174336497	-0.0101337391	0.0472568262	0.021602195	-0.0872566935	0.0458210968	0.009317478	-0.0616696245	-0.00207812	2.974999999999983e-05	4.3185827344e-06	8.850624999999897e-10	-0.0738850999999999	-2.199999999896729e-06	0.0054590080020099	4.839999999545608e-12	0.0494165	0.0166308	0.00027658350864	0.00244199047225	0.00226239	0.0	0.0	5.1184085121e-06	0.0015544	-0.0003325399999999	2.41615936e-06	1.1058285159999992e-07	-0.000499124	-0.000240308	5.7747934864000004e-08	2.49124767376e-07	0.0
274.60880395206664	0.0176467208158896	0.0003114067555539	75409.99520798457	392.5969327204794	-1.4530748689746815	154132.35158152864	2.111426574845788	287.96384742281094	-0.1730851744300139	82923.17742254795	0.0299584776074683	299.2103652339335	238.8770757906233	1.127107	21.981239	0.09073415	0.0529643	-0.005707696	0.0872346593	0.0559279547	0.0331145229	-0.0887306103	-0.1085546816	0.0751325659	-0.0661053495	-0.0664242097	-0.0542351466	-0.0603678466	-0.0878102142	0.0177829572	0.0361580993	-0.0566204168	-0.0388167556	-0.0644933792	0.0064763023	-0.0397190637	-0.1090272503	0.0090840852	-0.0365449307	0.0474882654	-0.1543854262	0.0378698857	0.0652371409	0.0863578758	-0.0015547427	-0.1071502473	0.0392757286	-0.0264790556	0.0939243543	0.1115852908	0.0176557204	0.0502675493	0.0952359342	-0.1080006015	-0.0250514337	-0.0985144408	-0.1347995061	0.039355423	-0.1026782823	-0.0080097035	0.0371906798	0.0422393799	0.0379386091	-0.1269109551	-0.0545011992	-0.0940267385	-0.0565845459	0.0431509498	0.0399292279	-0.0384478062	0.1056875237	-0.0225321465	-0.0709586003	-0.0552740997	-0.0114984956	-0.1594810792	-0.0864778418	0.1010239536	-0.066140571	-0.0303060424	0.0626594441	-0.0984375841	0.1618551753	-0.1120065787	0.0388937446	-0.0703912391	0.1071058252	0.0530712944	-0.0757176752	-0.0901255588	-0.1114938596	-0.0808011994	0.1424608917	0.1059034956	-0.0715034639	0.0824630076	-0.0036122174	-0.0297069833	0.0941470065	0.0132852546	0.0321198387	-0.1387295797	-0.1141168678	-0.0602484595	-0.0085278008	-0.1058929431	-0.0524527646	-0.0924633974	-0.0746388336	-0.1246454365	-0.0538580729	0.0219604264	-0.0772673894	-0.0569394464	-0.0534739819	0.1382282494	-0.0350240174	-0.0342697069	0.0301792867	-0.0046575399	0.0939351095	0.042444899	0.0017959985	-0.0487122455	0.0956249751	-0.1138516474	-0.0163931593	0.0403036284	-0.0941790298	-0.03958223	0.0704505148	-0.0101982201	0.0308829763	0.0059416209	-0.1048037479	0.0858574751	-0.0196930476	-0.109077802	-0.0462640331	0.0771836171	0.2053122023	-0.1522505752	0.0701527733	0.0819896885	-0.1748276072	-0.0340101421	-0.0240359362	-0.0170387767	0.0769899258	0.0673282812	0.095448231	0.1206167647	-0.0384494265	-0.1762888552	0.1056468927	0.0720178	0.0172590404	0.1215183582	0.0496109353	-0.0596144383	-0.0583358934	0.0351600892	-0.1350930465	0.101386141	0.0663348534	0.0115218523	0.0388739421	-0.0389191241	-0.0472490549	0.1000434727	-0.0631837269	-0.0091755896	0.0089061391	-0.0821495086	-0.0272328992	-0.0564871955	-0.1674839346	-0.0618203712	-0.0562477632	-0.0956652192	-0.0150217063	0.0809616765	-0.0530420139	0.0278793507	-0.1264844825	0.0255815906	-0.023751933	0.0621420069	-0.0646488211	-0.0534502225	0.0138557131	0.0018155778	-0.0287172432	0.0540626394	-0.0446810239	0.0019853404	-0.028299962	0.0175098675	0.0229103381	-0.0120069959	-0.0192238145	0.0199877712	-0.088137076	0.0488311722	0.0042398529	-0.056115697	-0.00210327	-2.5149999999999825e-05	4.4237446929e-06	6.325224999999912e-10	-0.12261	-0.0487249000000001	0.0150332120999999	0.00237411588001	0.0391202	-0.0102963	0.00010601379369	0.00153039004804	0.00260531	0.00034292	1.1759412640000001e-07	6.7876401961e-06	0.00167076	0.00011636	2.7914389776000003e-06	1.3539649600000008e-08	-0.000324648	0.0001744759999999	3.0441874575999995e-08	1.0539632390400002e-07	0.0
274.6509640831758	0.0421601311091421	0.00177747665514	75433.15207181791	394.27778509418215	1.6808523737027483	155454.9718187741	2.825264702182164	288.22482712301075	0.2609797001998117	83073.55097008943	0.0681104039163836	299.26020969299327	243.0567618293244	1.108833	21.624847	0.08569651	0.0449613	-0.0135789687	0.093959657	-0.0253874895	-0.0033386794	0.0250606131	0.1451764439	-0.0421694605	-0.0169824393	-0.0798249523	-0.0833263027	-0.0210222703	0.0203852642	-0.0795771706	0.0923432002	-0.0837103059	-0.0209664484	0.1232976488	-0.007037158	-0.0451037863	-0.0041841182	-0.028584879	-0.1293749802	-0.1647051798	-0.0943882699	-0.0543263315	-0.0219085313	-0.0500364967	-0.1050909684	0.0309784921	0.0940492386	0.0071396424	-0.1982724842	-0.0051528462	-0.0552075207	0.0412912164	0.1074921105	-0.0158810737	-0.0105014685	0.0038546841	-0.064228076	0.0533814362	0.0236935835	-0.0317241332	-0.0248561924	0.1780546339	0.0776870335	0.1099852774	-0.0005288173	0.153661079	-0.1205542404	0.0300781312	0.0704801621	-0.0299287592	-0.0559707738	-0.0205200885	-0.0145015884	-0.09060068	0.0214875533	-0.034341919	0.0188032987	-0.1262768545	-0.1045355951	-0.0772291499	-0.002310355	0.1112675625	-0.053473812	0.0132521769	0.0391372611	-0.0679682621	0.0194559989	-0.0994619355	0.0965311404	-0.111378943	-0.0648956871	-0.0493643474	0.0671059386	-0.0036961362	0.0861711365	0.0373120911	0.0038204227	-0.0304793303	0.0190700038	0.0984999024	-0.0894714006	0.0506089391	0.1123195992	0.0096901129	0.0239029815	-0.0182456529	0.1200525348	-0.0270792415	0.1182288765	-0.0741964706	0.108104962	-0.0707949498	-0.0049531785	-0.0039972614	-0.0679158628	0.0704494061	-0.0443815865	-0.0705024582	0.127603086	-0.0135912517	0.0631153083	-0.089440405	0.0008708521	-0.0139925649	0.0148986204	-0.1106933084	-0.0404268983	-0.0136161831	-0.0347387541	0.0197978291	-0.0351111819	-0.1198588227	-0.0498167036	-0.0522068904	0.0033305448	0.1709919205	-0.1679608506	0.0852123486	-0.0050663774	-0.0652068705	-0.0808866081	0.0748615577	0.1394661701	0.0960218889	0.0121659962	0.0506517564	-0.0412152678	0.0241329723	-0.0583444236	-0.0478618286	-0.0678813948	0.0227838175	0.0945853064	-0.0152434916	0.0541446964	-0.0406609448	0.0235479579	0.0848536276	0.0306160874	0.0174328758	0.0165796589	-0.1106805615	-0.089759446	-0.0114074665	-0.060913698	-0.0699896801	-0.0378723162	0.1440217978	-0.0130760961	0.0231090527	-0.0494788089	0.0215391433	0.0072505919	-0.0419693255	0.0965822001	-0.0334372995	0.1105694436	-0.0564380683	-0.050884645	-0.1010357566	-0.002996291	0.0784950448	-0.06859	-0.0661029607	0.042718084	-0.0191384295	0.0724210304	-0.0977838131	-0.0407525081	-0.0810513032	-0.0459104818	-0.0079741425	0.0065903234	-0.0058653538	0.0162352248	0.0042474088	0.0565970083	-0.0131909896	0.0416191693	0.0280054978	-0.0600980448	0.1063326582	-0.0889933628	0.0517878515	-0.0008482025	-0.0503163898	-0.00207191	3.135999999999981e-05	4.292811048100001e-06	9.83449599999988e-10	-0.0846161	0.0379939	0.00715988437921	0.0014435364372099	0.0494265	0.0103062999999999	0.0001062198196899	0.0024429789022499	0.00226239	-0.00034292	1.1759412640000001e-07	5.1184085121e-06	0.00150939	-0.00016137	2.2782581721e-06	2.604027690000003e-08	-0.000567657	-0.0002430089999999	5.905337408099997e-08	3.22234469649e-07	0.0
274.64499849864666	-0.0059655845291217	3.5588198774097014e-05	75429.87520032162	393.45504026614526	-0.822744828036889	154806.86871083398	0.67690905206145	287.9889045853408	-0.2359225376699782	82937.60916426452	0.0556594437806423	299.0925492751616	241.4731364208963	1.078092	21.025322	0.05335266	0.0272094	-0.0406190825	-0.0262491951	-0.0259095883	-0.0799481985	-0.0005896246	0.0153088233	0.0264982678	0.1097604314	-0.0177368934	-0.039529432	-0.0442661792	0.0368287603	-0.0949251779	0.015199469	-0.0468665748	0.0340594287	0.0830659471	-0.0183996866	-0.0317363333	-0.0048385761	0.0573385219	0.0094896948	0.0020146661	0.0218004073	0.0241705817	0.0702362837	-0.1058580488	0.1034000887	-0.0069408263	-0.0586630738	0.0271730991	-0.0293511361	-0.0455998689	0.0221574259	0.0299646907	0.0396996702	-0.0896116409	0.0354063926	0.0906728439	0.1020860168	-0.0689239403	0.0236534213	0.0391698279	-0.0663062704	0.1114044606	0.0080381078	0.0355952492	0.0364551892	0.0626740379	0.0069932308	0.0436138816	-0.1111891713	-0.0156274535	-0.0172677254	-0.1108425736	0.1200894312	0.0287740181	0.0264366091	0.0615503638	0.1115411782	0.0277578976	-0.1219747394	-0.0765359977	0.1294879081	0.0011703893	-0.07374136	0.0788548194	0.1396108081	-0.005777394	0.0549212753	0.0452161108	-0.0670420404	0.0785357698	-0.0008450227	0.0153605719	0.0158079866	-0.0310599197	-0.2343850709	-0.1008555251	-0.0827908053	0.0979917278	0.059690349	-0.0055658155	0.0439699646	0.0662790805	0.0384801926	-0.0880193045	0.0113769571	0.0240224495	0.0350408294	0.0105387174	-0.0918689794	0.0223931304	-0.1209605512	-0.0639663857	0.1638505969	-0.0924145373	-0.0295274151	0.0084824811	0.061343131	0.0020873254	0.0383973054	0.081842076	0.0837721921	-0.0549968076	0.0029436045	0.1554093122	0.0323039407	-0.0651211743	0.0105137012	-0.0559777916	0.0030482987	-0.0270873398	-1.34326e-05	-0.0198506456	-0.0497242213	-0.0710369646	0.0811578888	0.1139693824	0.0747609353	0.0158698428	-0.027969069	0.0221906635	0.043693213	0.0947485525	0.0302640356	-0.0893651315	0.075816211	0.0532490271	-0.0301993627	0.1289840753	-0.2036487155	0.0769048282	0.0367161945	0.0920844491	-0.0508922035	-0.0453250613	0.0841543306	-0.0674706067	0.098576735	-0.0798619299	-0.0318924309	-0.0812288185	-0.0265614337	0.1096679627	0.0438188931	-0.090393601	-0.1189153611	-0.009075127	0.0025475052	-0.0940076549	-0.1248501029	-0.1601172984	-0.1311088153	0.037449727	0.0836886135	-0.0592683342	-0.0667486052	0.0092963143	0.1225607262	0.162119078	-0.036932311	-0.0154913251	0.1225355446	0.0089614495	0.0259123723	-0.1117494021	0.0260330416	-0.0368817728	-0.0047487315	-0.0166305078	-0.057416775	-0.0583898439	0.1055302733	0.005919306	-0.0214889246	-0.0001444424	0.0443221358	-0.0526076013	-0.0196181932	-0.0137308234	-0.0674569624	0.0305507981	0.0525734343	-0.0803158533	-0.0898253196	0.0546879015	-0.0059341712	-0.0442970619	-0.00208752	-1.560999999999967e-05	4.3577397504e-06	2.436720999999896e-10	-0.106277	-0.0216608999999999	0.011294800729	0.0004691945888099	0.0588607	0.0094342	8.900412964000007e-05	0.00346458200449	0.00244835	0.00018596	3.458112160000008e-08	5.994417722500001e-06	0.00149352	-1.5870000000000077e-05	2.2306019904e-06	2.5185690000000237e-10	-0.000324648	0.0002430089999999	5.905337408099997e-08	1.0539632390400002e-07	0.0
274.6068912013662	-0.0381072972804759	0.0014521661060225	75408.94469527896	394.33278452089456	0.8777442547493024	155498.34494800225	0.7704349767454083	287.85847955421264	-0.1304250311281407	82862.50425126306	0.0170106887447764	299.2686423949195	243.1517602949888	1.039271	20.268232	0.0374128899999999	0.0189266	-0.0377305962	-0.0884171644	0.0533786889	-0.0392643565	-0.0196222014	0.0024972243	0.0645207273	-0.0540737089	0.0321055696	-0.0627934076	0.0025270595	0.104840083	0.0055047022	0.030172843	0.0047807021	-0.0423077991	0.0059237586	0.1149075716	0.0474524141	0.0130822524	-0.0635531936	-0.0576029598	0.0927550746	-0.0447972946	-0.0765152092	-0.0328415375	-0.0270380863	0.119139086	0.1433653346	-0.0660173164	0.0705680099	0.0513131731	0.0180528873	0.0411375857	0.1760193115	0.0283550252	0.0105228478	-0.0499651454	0.025312485	0.1985414627	0.043179106	-0.2038592551	-0.0229123477	-0.0171866964	-0.0526386825	-0.1171698765	0.062610563	-0.0023244138	0.1155599092	0.1164695411	0.0539294199	-0.1086131667	-0.0733616283	-0.0458583761	-0.015359004	0.0448375721	-0.1199406022	0.0929062166	-0.0590358162	-0.0434234439	0.0829512867	0.2056513855	-0.1273149132	0.0110498566	0.0018854155	-0.1611240924	-0.1078209785	0.0277805653	-0.0740816797	-0.0042272316	0.0696077524	-0.0982854731	0.0251513995	0.0396144421	-0.0213067282	-0.1010933032	-0.0349283828	0.0026772286	-0.0552925029	0.0551255506	-0.0465435292	-0.0827771204	-0.0992577105	0.0775573716	-0.0375514113	0.0903063683	0.0106548628	0.0641467293	-0.0299993503	-0.0015717424	0.0369237497	-0.0245424668	-0.0604714526	0.1086361689	-0.0551412405	-0.0030417675	-0.0371186234	-0.0075414592	-0.0484959308	0.0342006484	-0.0617154688	0.1048188372	0.0563154172	-0.0875829786	0.0380917902	-0.0226663603	0.0941901663	-0.0103296869	0.0371544848	0.1565440128	-0.0533463068	0.0181767615	-0.1359093794	0.0805824046	0.0034368784	-0.0129029233	-0.0673671777	0.0226757156	-0.1235762218	-0.058916196	-0.2391453648	0.0180688644	-0.2736995651	0.026706414	0.0469604924	-0.0244926843	-0.1766076327	0.1224338723	0.0038395543	0.0323323169	0.0297595745	-0.0714665894	-0.0937033772	0.058508103	0.0770473515	-0.0160001797	0.1372347	0.023095031	0.1226077496	-0.0013628925	0.0640234115	-0.0588572239	0.0344870464	-0.0611730282	-0.0894149821	-0.1430031443	-0.0566410521	0.1007498046	-0.0262485272	-0.0770679334	0.0059894377	-0.0193961225	0.0748308119	-0.0228059889	-0.0085816584	0.0084371809	0.0126603327	0.0267765774	0.0565774298	-0.012877519	-0.0102235076	-0.0099547236	-0.0876419844	0.0159282753	-0.0882993449	0.005684467	-0.0677492873	-0.1215120144	-0.0025072839	-0.0078875186	-0.0030528695	-0.1073488463	-0.0406706609	-0.0188144319	-0.0141113483	0.0437283058	-0.0468350608	-0.007219133	0.0217492066	-0.005279355	-0.0720751994	0.1310433934	0.1105394487	0.0881476095	-0.0301801358	-0.0906327191	0.0575281511	-0.0110055415	-0.0380840342	0.00909337	0.0111808899999999	8.26893779569e-05	0.000125012301192	-0.106272	4.999999999991123e-06	0.011293737984	2.4999999999911228e-11	0.0681227	0.0092619999999999	8.578464399999986e-05	0.0046407022552899	0.00253061	8.22599999999998e-05	6.7667075999999675e-09	6.4039869721e-06	0.00175056	0.00025704	3.0644603136e-06	6.606956160000004e-08	-0.000324648	0.0	0.0	1.0539632390400002e-07	0.0
274.6337259685466	0.0268347671804463	0.0007201047296287	75423.68343936677	393.3851884980287	-0.9475960228658664	154751.90652962957	0.8979382225512076	287.95900451963166	0.1005249654190265	82920.38828393725	0.0101052686724964	299.2474756593869	245.23646892822376	1.107412	21.597132	0.0555752	0.0252474	-0.0170699374	-0.054394013	0.0233292126	0.1281338471	0.0019161876	0.1013163455	0.0096693685	-0.1347204157	0.0740255932	0.0254796258	0.0344824841	0.0092036161	0.1271386366	0.0292882923	0.0082693641	0.0096063687	0.0678038124	0.0176363964	-0.0211789783	0.0092508461	0.0580099905	-0.0555524972	0.0843043108	-0.0094480609	0.0173209355	0.1301580677	-0.0474470298	0.0039025229	0.0191449185	0.0487245198	-0.0075212645	0.0604293344	-0.0223450539	0.0805707236	-0.0122342398	0.1247547643	0.1108188937	-0.0197781277	0.0966295664	0.0456193068	-0.027337669	-0.0566113282	0.0016399553	-0.1190869701	0.0721177292	0.1114582838	0.0553082968	-0.0424931783	0.0307812982	-0.0118490888	-0.0356935616	0.0786522561	0.033063133	0.0233315788	0.0550352845	-0.0636568744	-0.0903470022	0.0724063816	0.00187046	-0.0173146499	-0.076185862	0.1375354612	0.0650864526	-0.0564569063	-0.0250303427	-0.0908085379	-0.0301975691	-0.0246722982	-0.0593858985	-0.1400956586	-0.0714457861	0.0435890673	-0.0247821696	0.0639181215	-0.0081182955	-0.1582466335	0.1012096768	-0.0215435659	-0.0230155346	-0.0812127013	-0.002653664	0.0749198643	0.0338180009	-0.0242895195	-0.0920741975	0.0210597812	0.0659281835	0.0741732901	0.1194339005	-0.1045907091	-0.0378700501	0.0772950889	0.0100496541	-0.0925939729	-0.0611109862	0.1131600657	0.1268295541	-0.0684256028	-0.0990277403	-0.088712102	-0.038452614	0.0294704594	-0.0397815514	0.0407422807	-0.1187949448	-0.1402298817	0.0449288341	0.0172893147	-0.0030971107	-0.0546536445	-0.0377765168	0.0453074308	-0.0919251643	-0.045294776	-0.0009060621	0.0399128508	-0.0403491037	-0.0141250441	-0.0150017407	-0.1642567519	0.0705240078	0.0746553164	-0.151805254	-0.0301650457	0.0700811982	-0.0273182938	0.0589730648	-0.050687521	0.0455158958	0.0617706539	-0.1514904922	0.0274597695	-0.03511602	-0.0299615725	0.0528391073	-0.1205548814	0.0826293365	-0.024252507	0.0652169631	-0.1187799842	-0.0157077843	-0.0135194577	0.0131597991	0.1187060017	-0.0611896878	-0.0541181876	0.0710903169	-0.113682353	0.0693417664	0.0331116188	-0.0265318366	-0.0153174723	-0.0907663774	0.0380240432	0.101157831	0.0198282749	0.0389719502	0.0616502314	-0.0265892842	-0.0010613978	-0.0119414518	-0.0189307665	-0.1333845038	0.0075589737	-0.0639962072	-0.0210832923	0.0405020693	0.0148560725	0.0468688047	0.0667174326	-0.1163337988	0.0132661134	-0.0426459073	-0.0831430646	-0.0095085034	-0.0445542829	0.1008563264	0.0128367455	-0.0206745863	0.0234985742	-0.0180865744	-0.0429668724	0.1335974319	0.0730699807	-0.1225671375	-0.0914153405	0.0603054945	-0.0160498375	-0.0317044747	-0.00209453	-0.0111879	4.3870559209e-06	0.00012516910641	-0.0887904	0.0174816	0.00788373513216	0.00030560633856	0.0571435	-0.0109791999999999	0.0001205428326399	0.00326537959225	0.00226239	-0.00026822	7.19419684e-08	5.1184085121e-06	0.00170025	-5.0310000000000025e-05	2.8908500625e-06	2.531096100000002e-09	-0.000324648	0.0	0.0	1.0539632390400002e-07	0.0
274.29185780529184	-0.3418681632547873	0.1168738410472019	75236.02325827844	393.3053103593844	-0.0798781386442897	154689.0671568917	0.0063805170332763	287.70556233986764	-0.253442179764022	82774.49060129946	0.0642329384835388	298.9341059966446	242.94599052951293	1.136536	22.165134	0.09337153	0.0541873	-0.0165884412	-0.0277546166	-0.008249624	0.0846955972	-0.0815004031	0.0591529994	0.0676576986	0.1395838247	0.0578194131	0.0137742905	0.0302955638	-0.0547452783	-0.1168794099	-0.0173172627	-0.1121050465	-0.0284604778	0.0112366347	0.0172654571	0.0056453614	-0.0061580328	0.134664225	-0.0849648117	-0.0687398003	0.0059783008	0.0239934749	-0.0484846051	0.0749127883	0.0456095266	0.0437188894	0.046623377	-0.0226218601	0.0205220566	0.042943666	0.0347326833	-0.065811968	0.0982235622	0.0778457881	-0.1251643291	0.0368578265	-0.017015755	-0.0152213878	0.0576337589	-0.0809167489	0.0656630726	-0.0209882895	-0.01665272	-0.0396787908	-0.0788365278	0.155082673	0.013437277	0.0220956054	0.0826370012	0.017492553	0.0138193043	-0.0205941063	-0.0356474581	0.1590732808	0.0540897673	0.0611330126	0.0121218188	0.0150671785	0.036744375	0.1198586662	0.0108273635	-0.124663102	-0.0661416545	-0.0102424382	-0.036520468	-0.0207234052	-0.0827595488	0.0864001308	0.0549376717	-0.00739445	-0.0346903077	-0.0431998419	-0.0422989041	0.0493168731	-0.0575056838	0.0627471764	-0.0352237462	0.0273554285	-0.1452309457	-0.0608146136	-0.0420938475	0.0150523756	0.1549539369	0.1294943399	0.1115613145	0.0555964763	-0.0275323695	0.05008515	-0.1293502448	-0.0438648657	-0.1730741733	0.0141501676	0.0787483172	-0.0199362083	-0.1016093645	-0.0016910067	-0.0848448225	-0.0105525568	-0.0509708276	0.0656656332	-0.0409499587	-0.0327642983	0.0851628015	0.0269728291	0.0386422517	0.0743134407	-0.0092959732	0.018533976	-0.1184136872	-0.0281275168	0.0589675787	-0.0975341445	-0.1468977555	0.0360598263	0.039471298	-0.0846011235	0.0322256215	0.1243320833	0.0071455592	-0.0817256733	-0.0684845919	-0.106897602	-0.0279569568	0.0925244833	-0.0328210712	0.0596346762	0.0830219598	0.0668965265	0.0034728023	-0.0472300209	-0.0330092072	-0.0224062422	-0.0271367375	0.1151293614	-0.0837148925	0.227022617	-0.0721624443	-0.098554211	-0.0561898263	0.0851557776	0.0087695228	-0.0459050576	-0.0571257209	-0.0210897527	0.032714676	0.1266438606	0.0082214816	-0.0395110394	0.0326822074	-0.1778614498	-0.028775847	0.1000931318	-0.0529910998	0.0862080397	-0.0309223751	-0.0712712437	0.0175509253	0.070859037	-0.0239104504	-0.0019775233	0.1332703996	0.0137385073	0.066913146	0.0470686394	-0.0799734222	-0.0405120064	-0.0418896082	-0.1535609937	0.0224132371	0.0083447576	0.12789411	0.0664833075	0.0518761627	-0.0114193045	-0.0539659707	-0.0805026205	-0.169071618	-0.0177148647	0.0508173131	-0.0437047551	-0.0735709283	0.0375123644	-0.0921729699	0.0630168947	-0.0210546499	-0.0251862796	0.0074916999999999	0.0095862299999999	5.61255688899985e-05	9.189580561289807e-05	-0.133308	-0.0445176	0.017771022864	0.00198181670976	0.0480073	-0.0091361999999999	8.347015043999995e-05	0.00230470085329	0.00286342	0.00060103	3.6123706090000025e-07	8.199174096400001e-06	0.00169865	-1.6000000000000389e-06	2.8854118225e-06	2.5600000000001244e-12	-0.000324648	0.0	0.0	1.0539632390400002e-07	0.0
274.02014127088444	-0.2717165344074033	0.0738298750703695	75087.03782211547	392.7271507277486	-0.5781596316357991	154234.61491873578	0.3342685596532428	287.7157666980006	0.0102043581329667	82780.36240661831	0.0001041289249058	298.8902951684978	239.379851309094	1.210177	23.601299	0.0617835	0.0274116	0.0258540425	0.0464383028	0.0120031144	0.1047107147	-0.047442664	-0.1157248839	0.1349573104	-0.0909382205	-0.0081805031	-0.0450294063	0.0014063799	-0.0875735675	0.1110136633	-0.0293252412	-0.0359106387	0.0293962388	0.0075708845	0.122540571	-0.0517323942	0.0397319321	-0.0870299586	-0.0457880967	0.0488566547	0.0332490998	-0.0398697957	-0.047584303	-0.0064391307	0.0140418892	-0.0236799261	0.0698702274	-0.0899238993	0.1309216639	0.0602802688	0.093783845	-0.0040712382	0.0522423237	0.0285343606	-0.1075980792	-0.0804677273	-0.0261060716	-0.0337390562	0.0100977421	-0.0435303455	0.0085098711	0.1247081829	-0.1035913461	-0.0390155301	-0.0721454019	-0.0012942626	0.0059612882	-0.0538748334	0.0384561027	0.0938671374	-0.023267521	-0.1224655982	-0.1235118585	-0.0486770626	-0.0475067344	-0.0211664981	0.0265571523	0.0376740329	-0.0439066912	0.1108396621	-0.102874848	-0.0404736992	-0.0296998372	0.0273727386	0.046912155	0.0750564588	-0.0664137178	-0.0236035357	0.0735877921	-0.0021800588	-0.086389775	0.0323836743	0.1039477593	-0.1090654066	-0.0235147638	-0.1072337243	0.1192541708	-0.0331660031	0.1157349502	-0.0278830605	-0.0935049989	0.0295384209	-0.0345828167	0.0618877041	0.0297617603	0.0437231426	-0.025935865	-0.1294070409	-0.0824642577	-0.0979577126	0.0218768653	-0.0820428167	0.0614241178	0.0320727203	-0.0406747965	0.0497336925	-0.1088268929	-0.0357179899	-0.0365173798	-0.0159533819	0.0211136134	0.0160133489	0.0375977099	-0.0609663692	0.0582758336	-0.0237866707	0.0127820121	0.0798685565	-0.0329445376	0.0267262289	0.0029759641	0.0671861331	0.0589454389	0.0925086339	0.0390961392	-0.0340179525	0.0952874126	0.1291393834	-0.1455992615	-0.1005966951	-0.0446957098	-0.004917584	-0.1295025582	0.0659218578	-0.0738272961	-0.0752351923	-0.0254816742	-0.0013944093	-0.0494111593	-0.1077730801	0.0433355694	0.0370495859	0.0829997	-0.0570081719	-0.0990922294	-0.0319098	0.0465137312	-0.0065575154	-0.0061773187	0.1039018932	0.0386175642	0.0625643986	0.0204369555	0.1362711074	0.1032617172	-0.0630329982	0.0055465808	0.0956985391	-0.1315220113	-0.0903878836	-0.0618919553	-0.0479588182	0.0735593129	-0.0324336817	0.0362457816	0.0361896308	0.1025399264	-0.0922199155	-0.0309310626	-0.084354051	-0.0838320037	0.0213397717	-0.0809955145	0.0800784394	-0.0480590234	-0.0245657962	-0.1398332042	-0.0270585541	-0.0500117446	-0.0064271337	0.0654683686	-0.0163338253	-0.0696783981	-0.0004094303	-0.1502010436	0.0447645316	-0.1475224549	0.0663819322	0.0154297007	0.0041337945	0.1102551203	0.0386671801	-0.0929054001	0.0656593869	-0.0260076665	-0.0185579513	0.0227166	0.0152249000000001	0.00051604391556	0.00023179758001	-0.120089	0.013219	0.014421367921	0.000174741961	0.0390613	-0.008946	8.003091600000004e-05	0.00152578515769	0.00300097	0.0001375499999999	1.8920002499999933e-08	9.0058209409e-06	0.00196235	0.0002636999999999	3.8508175225e-06	6.953768999999998e-08	-0.000238026	8.662200000000004e-05	7.503370884000006e-09	5.6656376676e-08	0.0
274.5831311792918	0.56298990840736	0.3169576369685276	75395.89592822417	392.31923137909865	-0.4079193486499548	153914.37930988675	0.1663981950030034	287.9781631557271	0.2623964577264814	82931.42245454657	0.0688519010274051	298.9913895369385	238.2445851413294	1.12481	21.936436	0.0993802	0.0551973	0.0255100528	0.0876203121	0.0593956335	0.0178402741	-0.0547405649	-0.1474069697	-0.0115262771	-0.0267923909	-0.0454519255	0.046138761	-0.0567029462	-0.0697878417	-0.0544906771	0.0306865508	0.0138647078	0.0763399374	-0.0708902436	0.0704523436	-0.0573580735	0.0082911675	-0.040752862	-0.040734468	0.054194296	0.0306262018	-0.0068377049	0.068103675	-0.1161715952	-0.087566775	-0.0222332418	-0.0862549749	-0.00956579	-0.0947262394	0.0438178546	0.1193207004	-0.0126076777	0.0143908879	-0.0173678019	-0.1474353422	-0.0137133585	0.003690188	-0.0937828158	0.077869827	-0.0321381626	-0.063378092	-0.0346556058	0.09425309	-0.0584472008	0.037394686	0.0580630124	-0.0124646355	-0.0043981815	-0.0055350775	-0.0353876979	-0.0115717609	-0.0550875979	-0.0462249862	-0.0251753674	0.0969671121	0.0558701313	0.0181332364	0.0358698816	-0.0188231865	-0.1056018716	-0.0893301307	0.0347974402	-0.031109121	0.0292137704	0.083926727	-0.058299989	-0.037528981	-0.0937118734	-0.0445525814	-0.0080022753	0.0931720743	-0.0595656008	0.1230655609	-0.0586306174	0.1226897872	-0.1210127397	-0.0909438456	-0.049960395	0.1785868197	-0.0060943909	0.0061562351	0.0763984017	-0.0782916944	-0.0196829043	0.1429275204	-0.1520256572	-0.0143539397	0.0836386033	-0.0484899754	-0.0657834671	-0.0291199742	0.0257416474	0.012150701	-0.0049825121	0.0435517828	0.0446094858	-0.0533753753	-0.0826848165	-0.0466206746	0.0105768883	0.0999854301	-0.0777854995	-0.013604144	-0.0216200712	-0.0548337254	0.0006149389	-0.0104470468	0.062615515	-0.0170394414	0.0728515708	0.0306648564	0.0066333981	-0.013178956	0.0309278218	0.1390573481	0.0438152444	0.0206861985	-0.0687009943	0.0646275781	-0.0360187355	0.0427033802	0.1154184143	0.131607354	0.0248792888	-0.0419034056	-0.0143904241	-0.05067625	-0.1220856833	-0.1525291433	0.1214176859	-0.0440368958	-0.0806563292	-0.0109006546	-0.0358680078	-0.0734482967	0.0037337084	-0.0275715442	0.0937012271	-0.0358368343	0.0344551317	-0.0726040935	0.0338284077	0.1553495826	-0.0220612153	-0.1052681212	-0.0634358198	-0.0572588888	-0.0731827826	0.0017215485	0.0887711604	-0.0787128825	0.032069143	0.2412338047	0.0384634126	0.0593354715	-0.0349937692	-0.0670452337	0.0266361863	0.0003088748	-0.0238728709	0.089076085	0.0557366455	-0.1070023481	-0.0003443393	0.0334431722	0.0817997082	-0.0016485354	0.0141714209	-0.0679924186	-0.1361776152	0.0044735469	-0.09351319	-0.0367423336	0.1452942208	0.0080750685	0.0260149585	0.0830370728	0.0130374365	0.0339971073	-0.0329108413	0.0707651262	0.0435479278	-0.0936124309	0.0682300815	-0.0308967027	-0.0118484738	0.0189544	-0.0037622	0.00035926927936	1.4154148840000002e-05	-0.0860316	0.0340574	0.00740143619856	0.00115990649476	0.0613588	0.0222974999999999	0.00049717850625	0.0037649023374399	0.00230233	-0.0006986399999999	4.880978495999999e-07	5.3007234289e-06	0.00196235	0.0	3.8508175225e-06	0.0	-0.000324648	-8.662200000000004e-05	7.503370884000006e-09	1.0539632390400002e-07	0.0
275.1818073439744	0.5986761646826153	0.3584131501590859	75725.02709309624	393.7701428818184	1.450911502719748	155054.9254251677	2.105144188724477	288.05561256718295	0.0774494114558592	82976.035931455	0.0059984113348589	299.00439812363084	244.47809134639425	1.140319	22.238899	0.0548207	0.0314406	-0.0949656358	0.081619474	0.0419474987	-0.0374699952	0.0977597288	-0.0259696046	0.0634320558	0.07912706	-0.0437806306	-0.0554580459	-0.0144221465	0.0690844218	-0.0893651649	0.0213955855	-0.0219100916	0.0098244284	-0.034049223	0.2114960429	-0.1263062462	-0.0260498997	-0.0167432693	-0.0125311394	-0.0174681727	-0.0509268315	0.0045858068	-0.1318035546	-0.0560263898	0.0120938991	0.0491859761	-0.0892725647	-0.142179272	-0.0020456597	-0.0086944396	-0.0155447105	-0.0732250722	0.0440386001	-0.1038920513	0.0001272366	-0.0633717759	0.0194736299	0.1836295181	0.1022678546	-0.057641509	-0.054026875	0.0356620117	0.0041520869	-0.0366132432	0.0986644173	-0.0627451249	0.0344061097	0.1675094789	-0.0281462362	0.0339902555	-0.0662077061	-0.0641710124	-0.0915568213	-0.0004457982	0.0789020204	-0.0171958809	0.0195672152	-0.016658747	0.1589094171	-0.0340197461	-0.1223092369	-0.0275800832	0.0811468034	-0.06073735	0.1267055944	-0.0956365225	0.0092452075	0.097972567	-0.0563503834	-0.0773195644	-0.0543155916	0.1436721708	0.0399450482	0.0392891447	0.0577726578	-0.0186747761	0.0225047938	0.0069042644	-0.1091290671	-0.140514854	-0.1179820893	-0.0165947398	-0.0303091143	-0.0146608459	-0.0613428058	-0.1670791745	0.0592731517	0.0052115169	-0.0225977003	-0.0298131285	0.1565305547	0.0635613957	0.0493366424	0.0135725298	-0.0127900316	0.0585013231	0.0615209655	-0.0309403585	0.0969723231	0.0866902292	-0.0481437741	-0.0151174257	0.0890437316	-0.1446875942	-0.0688730418	-0.0925507898	-0.1105690262	-0.0205424326	-0.0381223551	0.1643094015	0.0668777851	0.0408285124	0.0844016635	-0.0161387284	0.1472318703	0.0563765026	0.0637131052	-0.0831872765	0.0162754022	-0.0219345221	-0.0671144513	0.0618390681	0.0184574101	-0.0814569871	-0.042578689	0.0068834184	0.0939750309	-0.0264979565	-0.0238751493	0.1032566413	0.0774499808	0.0961571217	-0.0103736616	-0.0112505541	-0.021773088	0.0639455722	-0.1603515491	0.0494608081	0.0487974834	0.2219980243	0.0629592877	-0.044903967	-0.0853471379	-0.0870781857	0.1963039429	-0.0163796945	0.0421704409	-0.0333861325	-0.0227274177	0.1471057708	0.0699061404	-0.0311623445	-0.0027548314	0.0365470908	0.0719155945	-0.0265302069	0.0003415937	0.0590709274	-0.0166004096	-0.0152718044	-0.0027352114	0.0486396957	-0.0999664861	-0.080077132	-0.0962340364	-0.0568446689	-0.0086816454	-0.1006371152	-0.0346110974	-0.044907645	-0.0967641292	-0.0193991722	0.038434438	-0.0176338349	0.069697322	0.1025981312	-0.0529889561	-0.0665456205	-0.0413538808	0.0324701145	-0.0033549755	0.1347145876	-0.094293869	0.0707261675	-0.0357097311	-0.0050871859	0.0220653	0.0031108999999999	0.0004868774640899	9.67769881e-06	-0.106223	-0.0201913999999999	0.011283325729	0.0004076926339599	0.0506014	-0.0107574	0.00011572165476	0.00256050168196	0.00271755	0.00041522	1.724076484e-07	7.3850780025e-06	0.00196235	0.0	3.8508175225e-06	0.0	-0.000324648	0.0	0.0	1.0539632390400002e-07	0.0
274.9838133011771	-0.1979940427972906	0.0392016409832153	75616.09757765663	394.7498565729308	0.9797136911124084	155827.44926434945	0.9598389165530996	288.65948462824	0.6038720610570749	83324.29806584114	0.3646614661253196	299.71174492776044	247.7186858420337	1.224434	23.879333	0.0953878	0.0545448	-0.1134177383	0.0358269969	0.021757759	-0.0370142936	0.1370653495	0.0759605638	-0.1744283462	-0.0542459467	-0.0396260044	-0.1168465781	0.0275745291	0.1055364764	0.0457560658	0.1028186738	-0.0444654671	0.0365559404	0.149170917	-0.0208449061	-0.1052413639	0.0305718137	0.0279882405	-0.1269986309	-0.0320749067	0.0400243491	0.0310734093	-0.0869418481	-0.0548131827	-0.0846217438	0.0246366177	0.0867543604	-0.0128232849	-0.0260310138	0.0330179033	0.0462367767	0.0724534393	0.0830150354	-0.028029037	0.1171929826	-0.0816812206	-0.1391323734	-0.0044177868	0.088516868	0.0620412173	-0.0322936605	-0.0296257737	0.0136690705	0.0127072542	0.0203028982	-0.0130613175	0.1259737967	0.0171230866	0.0118032116	-0.0024950938	-0.052514474	-0.0096578212	0.0918705284	0.0014874826	0.013831535	0.0299352996	-0.0517324576	-0.0478550518	0.0331499661	-0.000575954	-0.0640927853	0.1341259498	-0.0450715046	-0.0106293235	-0.0295049133	-0.0094500457	0.0740367111	-0.0927994557	-0.0746243721	-0.0979014081	-0.0917276077	0.0370107602	-0.06177499	0.0856246277	-0.0699734442	0.0024458472	0.0012733867	0.0120195919	-0.0092555786	-0.0257818122	-0.0882604322	0.1152218779	0.0330667602	0.0154596315	-0.1098689161	-0.0614666861	-0.0453115786	0.0747401879	0.0108997123	0.1633911342	-0.0838984784	0.0485102884	0.0313755925	-0.0184863786	-0.0567270201	-0.0136503683	0.0043992924	0.0583354817	0.1859946722	-0.1203310016	0.0861751742	-0.0482894584	-0.0120648592	-0.067200582	-0.0343076377	0.0561600318	-0.0489072029	-0.0526922929	0.0468857137	0.0640194613	0.0978160522	0.0522294182	0.0634633933	0.0482064548	0.0023203216	0.0460698671	-0.0199649565	0.0197878099	0.0800907547	0.1357869936	0.027103219	0.0936425931	0.0100702183	-0.074346071	-0.0057261429	0.034260414	0.0697226936	-0.0398581563	0.007752007	0.0503660309	0.1689916727	0.0070369862	0.0886802403	0.0710828504	-0.0523070128	-0.0877772763	0.0129878392	0.0396197651	-0.031036703	0.042945375	0.0232676892	-0.0118625602	-0.0647582034	-0.0041627819	-0.0916125148	-0.0165686275	-0.0934534548	-0.0124716907	0.1088428465	0.0062434168	0.0433868259	0.0453001767	-0.0696270058	-0.0222324915	0.0148247021	0.003080552	-0.052164668	0.1091732402	-0.0292570082	-0.0657394053	-0.0373080604	0.0091065471	-0.1000691323	-0.1114039539	0.0946172565	-0.0195603894	0.0087917653	-0.1276133379	-0.0120854655	0.032598301	-0.1039873967	-0.074515003	-0.0505038166	-0.1029320531	0.0274396228	0.0256233756	-0.1211128227	-0.0370230413	-0.1447434986	0.0936206754	0.0188790568	0.0450795916	-0.0949495281	0.0731449155	-0.0404349114	0.0016963469	0.0176386	-0.0044266999999999	0.00031112020996	1.9595672889999987e-05	-0.0756769999999999	0.0305460000000001	0.0057270083289999	0.000933058116	0.0341863	-0.0164150999999999	0.0002694555080099	0.00116870310769	0.00338723	0.00066968	4.484713024000003e-07	1.1473327072900002e-05	0.00175203	-0.0002103199999999	3.0696091209e-06	4.4234502399999986e-08	-0.000324648	0.0	0.0	1.0539632390400002e-07	0.0
274.2945976380806	-0.6892156630965474	0.4750182302576134	75237.52629343652	393.3546517512761	-1.3952048216547157	154727.88205436768	1.9465964943685663	288.03312038396604	-0.6263642442739865	82963.07843812427	0.3923321665049222	299.1787850920688	246.0751565239184	1.133828	22.112316	0.0889201	0.0518979	-0.0602061683	-0.0553083275	-0.0684593359	0.0083224831	0.1896926768	-0.0574547809	0.03330074	0.0499575285	0.0525752353	-0.1149598405	0.0705012565	0.1316071307	0.0253007906	-0.146509675	-0.1269865914	0.0830902894	0.0421475302	-0.0211552172	-0.0809069908	0.0272481613	0.0208341966	0.0189078541	-0.076844347	-0.0761936383	-0.0499412009	0.0255055745	-0.1084955573	0.1204827109	-0.0087373987	0.0741498493	-0.0445957297	0.0496713488	0.0283298122	0.0034821402	-0.0317691032	0.0266564183	-0.095181473	0.0566757481	-0.0329995624	-0.1508151757	0.0558206303	-0.0265689713	0.1573270884	-0.1157187038	0.0230847892	0.0737156106	-0.0838716183	-0.0224751466	0.1175546504	-0.0675956847	-0.0134943328	0.0839868909	-0.0474324285	0.0560313267	-0.0760662078	0.0816129726	0.0157252696	-0.0768126129	0.2372690596	-0.0403033308	0.0575651515	0.0726279472	-0.0034779916	-0.0277655951	-0.0425483305	-0.0690021876	0.1216840268	-0.0151797608	0.0515164199	0.0707661328	-0.0891590132	0.1326490739	-0.0126597319	0.0359065164	-0.1643691845	0.0329458299	-0.1108114271	0.1370842219	-0.023360094	0.0055142125	0.0168752372	0.0076262394	-0.0613610543	0.127415449	-0.0006845843	-0.0253119813	-0.0972171371	0.003412837	0.0533637609	-0.145912909	0.0200724293	0.067603062	-0.0049381082	0.0643437334	0.0295751284	-0.0273397616	0.0203325843	-0.0640183878	0.0452140398	0.0791461181	0.1652590231	0.1330391337	0.0388599706	0.0468635515	-0.0790157566	0.018912188	-0.035672314	0.1404285247	0.0798514181	-0.1094531898	-0.0518243325	-0.103449487	0.0701791496	-0.068524021	0.0492224631	-0.0555078281	0.0382844385	-0.0660947329	0.0555026847	0.0806318317	0.0063673638	0.0481624244	-0.0209956985	-0.04142507	-0.0460905076	0.0165917862	0.0494769588	0.0208185893	0.0678793091	-0.0523626325	-0.0844767053	-0.1074564693	-0.0580905704	-0.0506388332	-0.0874988488	0.1165148059	0.0370295551	-0.0191866199	-0.0233899846	0.0265808787	0.074454049	-0.1283542196	-0.053142198	-0.1569556115	-0.0427615077	0.0532992	0.0373555064	0.0674596479	-0.0285599847	0.0308014496	0.0801239753	0.1779655966	-0.0900884584	0.12899913	0.1208300388	0.0963918561	0.0258163423	-0.1908036823	-0.015303973	-0.1001717927	-0.086179704	0.0131335762	0.0443358895	0.1143717233	0.0077831169	-0.0246056478	-0.1193070482	0.031805196	-0.0930151264	0.0207282988	-0.0882998963	-0.0651303531	-0.0499493159	0.0031395377	-0.1520311259	-0.007027305	-0.0216348132	0.0126020846	0.0158750357	-0.0118942228	0.0131482273	-0.0320988412	0.1614583943	-0.06397262	-0.0769989539	-0.0955792289	0.0754836805	-0.0450606192	0.0084724621	0.0223606	0.004722	0.00049999643236	2.2297284000000004e-05	-0.0897878	-0.0141108000000001	0.00806184902884	0.00019911467664	0.0771489999999999	0.0429626999999998	0.0018457935912899	0.0059519682009999	0.0030898	-0.00029743	8.84646049e-08	9.54686404e-06	0.00193629	0.00018426	3.7492189641e-06	3.3951747600000044e-08	-0.00038545	-6.080199999999999e-05	3.696883203999999e-09	1.4857170250000002e-07	0.0
273.68255689278124	-0.612040745299339	0.3745938739065704	74902.14194737044	393.1087768557615	-0.2458748955145893	154534.51044103288	0.0604544642443102	287.68668149936565	-0.3464388846003885	82763.62671211745	0.1200199007631613	298.9951025405773	240.39241797122344	1.205159	23.503439	0.0807100999999999	0.0404524	0.0436453392	-0.035603281	-0.0395433706	-0.0867173823	0.0756453046	0.024151422	0.0522268282	-0.1628340556	0.0447469046	-0.0367745446	-0.0584202839	0.1332114052	0.1312393027	-0.06575324	-0.136103688	-0.0157648122	0.0162583271	0.106120781	0.0156063435	0.081075107	-0.0499478582	0.0189563841	-0.0173801683	-0.0328001837	0.0038775548	-0.0050756081	-0.0641658717	-0.0664162104	-0.0640829032	-0.0244894705	-0.0591871297	-0.1539943205	-0.0112708412	-0.0972550812	0.1682685077	-0.0407948879	0.0496910621	-0.0078235856	0.0270314576	-0.1178743305	0.1863586451	-0.0900877243	0.077268643	0.0180058863	0.0049615311	-0.0322726969	-0.1566010055	0.0381573464	0.0123296215	0.0808416907	0.017365417	0.1010022224	-0.0148379141	0.0422512117	0.0188847612	0.176499034	0.0787024466	0.0772992493	0.139818768	0.0272311771	0.0362195331	-0.0197208079	0.0450847113	0.0813478975	0.0158721172	-0.03261587	0.0733593315	0.0400225041	-0.0252213041	-0.0357388388	0.074609854	0.0859185479	0.103846946	-0.0646258919	0.1100553496	0.0773585213	0.0447868585	-0.0152913435	0.0235191138	-0.0727504149	8.66533e-05	-0.0370042748	-0.0766289867	0.0854391194	-0.1416533188	0.1199058939	0.059013736	-0.0219069341	-0.1329688497	0.0840206237	-0.1490932405	0.0275843952	0.0065433822	-0.1016729514	-0.0159551968	-0.0098291831	0.0428799637	0.0047418217	-0.0100498102	0.0580281476	0.0070542244	0.1281061713	-0.0801578132	-0.1341996907	-0.1006240357	0.0628726705	-0.0759431003	0.0927233636	0.1073480965	-0.0592495983	-0.0520786572	-0.187121313	0.0157516805	-0.0086214409	-0.013276029	-0.1239709081	-0.0779624128	-0.0386045977	-0.0006334235	0.2010957553	0.0802329478	0.1337878407	0.0953915535	0.0549593251	0.0434030465	-0.0462488018	-0.0627605419	0.0081911158	0.0676751883	-0.0475876042	-0.0136163292	0.0136987527	-0.0418555692	0.0060087521	-0.046631461	-4.08527e-05	-0.0281832946	0.0294964352	0.0267824586	-0.0539075646	-0.0789555761	-0.0133164218	-0.0877101034	-0.0891850169	-0.108279569	-0.0676586937	-0.0648255912	-0.0096807695	0.1141295925	0.1059315739	0.0187499948	-0.1350957146	0.0438773611	-0.0400688137	-0.0237403594	0.0834009163	-0.1109918264	0.0365393614	0.0788796858	-0.0262381594	-0.1133137252	0.0229097557	-0.0567509529	-0.0752704848	-0.0036118205	-0.0121692267	-0.0945699866	0.033591429	-0.1596557493	-0.0358234724	0.0014232473	-0.0820310837	-0.0816999352	-0.0314986643	-0.0923639541	-0.0367676439	0.0164301609	0.0107732485	-0.0555386013	-0.0127895082	-0.0079108224	-0.0131869455	0.1072692398	0.0011403464	0.0382897778	-0.0961827994	0.0777399053	-0.0495754752	0.0152115293	0.0140871	-0.0082735	0.00019844638641	6.845080225000002e-05	-0.121046	-0.0312582	0.014652134116	0.00097707506724	0.0834743	0.0063253000000001	4.00094200900013e-05	0.00696795876049	0.0032906	0.0002007999999999	4.032063999999987e-08	1.082804836e-05	0.00237175	0.00043546	5.625198062500001e-06	1.896254116000001e-07	-0.000324648	6.080199999999999e-05	3.696883203999999e-09	1.0539632390400002e-07	0.0
273.6570298627928	-0.0255270299884387	0.0006516292600306	74888.16999332547	391.95432973636446	-1.154447119397048	153628.1965990827	1.3327481514841422	287.5138185614104	-0.1728629379552444	82664.19586376363	0.0298815953185186	298.78140218501994	236.76266165307825	1.071588	20.898489	0.13037431	0.0592248	0.0759435996	-0.0939372509	-0.004819027	-0.1386880287	-0.0130890793	0.0860026611	-0.02339344	0.0437032055	0.0423236564	0.1031092852	-0.1090696988	0.0756085594	0.0864046427	-0.0156828584	-0.0390057241	0.04375114	0.0603006627	0.0501197605	-0.0017188769	-0.0991746697	0.0600182341	-0.1283112318	-0.0703548161	-0.037203762	-0.0802134971	0.048904583	-0.0535731662	-0.033273482	0.0257370666	0.0201125358	0.0831557256	0.1025619933	-0.0077525196	0.0404777655	-0.1004059928	-0.0579585381	0.0019668979	-0.0484338071	0.0072942763	-0.0417152233	-0.0970421322	-0.085387267	0.1309972566	-0.1040018885	0.130262356	-0.044599372	-0.0156481663	0.0852602933	0.0249049685	0.0386146169	0.1051533058	0.1051671053	0.1130520027	0.0714034122	0.0113271128	-0.0504400845	0.0611532187	0.047706118	0.0553662467	-0.0611633271	0.0465853582	-0.0120796733	0.0309331396	0.0064404433	0.0752262172	0.0468545004	-0.0893623231	-0.0368883909	-0.0403860828	0.1385456495	-0.0696897147	0.0755304786	-0.097623802	0.0423902012	-0.0227672271	-0.0483736026	0.0211977637	0.0106949174	-0.0682280355	0.1050884063	-0.0144476187	-0.0587291676	-0.0230595265	0.0818226183	-0.0445801693	-0.1658492631	-0.0294367948	-0.0249486224	0.0425413279	0.0543792348	0.0500371125	0.0096949211	-0.0514235173	0.0303653315	0.0829310045	0.0888769886	-0.0435578541	0.0316994889	-0.0289865843	0.0302405809	-0.0092187095	0.0193167859	-0.0205741448	-0.0321555591	-0.1699317392	-0.0735268218	0.0880528442	0.170202066	0.0495879782	-0.0439916588	0.0215479253	-0.0902528554	0.0807183794	0.0929374151	0.0378928038	0.102503318	-0.0413515193	0.1134911548	-0.0369226907	0.0544251478	0.0008991863	-0.012022737	-0.007962269	0.0608562494	-0.1204655692	-0.0358706319	0.0745692746	-0.0011227942	-0.0693205022	-0.1161340496	-0.014379187	0.0388788474	-0.0045177009	0.0188015845	0.048219189	0.0879542179	-0.0384897925	0.0059677911	-0.0165451325	-0.1193070666	0.1181261197	-0.0394960858	-0.0462298757	0.1273136076	-0.0047469854	-0.0109679531	0.1452067893	0.0574633463	-0.1049963955	-0.141746075	-0.0017968223	0.1036327781	0.0043247056	-0.0294974206	0.0434229422	0.0353099659	0.0696033307	-0.01337969	0.0301825949	-0.0574839042	0.0563200977	0.0620434815	-0.0624792787	0.0698942151	-0.0327530088	0.0203879604	-0.090864425	0.1498462066	-0.0714464592	-0.0255406344	0.0219400363	-0.1334401219	-0.0819750313	-0.0033417053	0.0726262036	-0.0130186287	0.0795738684	0.0657785332	-0.0528374335	0.0330316353	-0.0624391832	0.028822855	0.0903264219	0.0182229651	-0.0993928882	-0.0967600744	0.0799111227	-0.0539683725	0.0218840804	-0.00205606	-0.01614316	4.2273827236000005e-06	0.0002606016147856	-0.0983558	0.0226902	0.0096738633936399	0.00051484517604	0.110042	0.0265677	0.00070584268329	0.012109241764	0.00257016	-0.0007204399999999	5.190337935999996e-07	6.6057224256000005e-06	0.00206073	-0.0003110199999999	4.246608132900001e-06	9.673344039999997e-08	-0.000592653	-0.0002680049999999	7.182668002499995e-08	3.51237578409e-07	0.0
273.7044834508628	0.0474535880700273	0.0022518430207198	74914.14426110365	392.37830791913774	0.4239781827732827	153960.73652548567	0.1797574994677351	287.48722426326344	-0.0265942981469606	82648.90411459593	0.0007072566939294	298.7028407805633	237.8003005494872	1.115966	21.76396	0.14381611	0.0754035	0.0395355055	-0.1046212483	0.0137747487	-0.1363526205	-0.1404665004	0.1349251457	0.0456141551	0.0256153272	0.0520480265	0.0378807467	-0.1318785221	0.0196362128	-0.0709530004	-0.0239249576	-0.0377991498	-0.0923286678	0.0277926065	0.0387154828	0.069787449	-0.0192872915	0.0693015892	0.0462302933	-0.0625409533	0.098756862	0.0680984661	0.2155999764	-0.0214902318	-0.0190675802	0.0364319116	-0.0404502847	-0.1141294439	-0.097428958	0.0438527471	0.0460905537	0.0868642091	0.0002235719	-0.0038773165	-0.0450771681	0.1491339909	0.0895286071	0.1171527026	-0.0126833845	0.1234960021	-0.0671883985	-0.0001656442	0.0715281898	-0.0997369251	-0.0357987313	0.0613111673	0.0500548362	0.0107667725	-0.077369982	-0.0249329849	0.0090192471	-0.0042023743	0.1003821312	0.0917998737	-0.0256796134	0.0366390142	0.0090553512	0.0336275226	-0.0471631818	0.1054335378	0.0753989812	0.1003245902	-0.1017632918	-0.0277492985	-0.0367918268	0.0007808734	0.0513735477	0.0026017851	-0.1077195422	-0.0851320488	0.0363849003	-0.1020991779	-0.0583557286	0.0835090006	-0.1768380293	-0.0363017938	-0.0420891394	-0.0586522859	0.0961203839	0.022948135	-0.0291124182	0.018040972	0.0656480622	-0.0410576951	-0.0648970503	-0.0042950685	-0.0225278758	0.0375514495	-0.030345953	-0.0272098514	0.1057547238	-0.0970587096	-0.0948545725	0.1472224528	-0.036217455	-0.0031499456	0.0610498211	-0.0944963168	-0.0371606831	0.1196986858	-0.098807557	-0.0633298086	0.0038737544	0.1296612605	-0.0405238132	0.0728330945	-0.1456561976	-0.0928880462	-0.0407668417	-0.0608193076	-0.0333413873	-0.0433905777	-0.0002774983	-0.1018089643	-0.0877767262	-0.0121386582	0.0498793417	0.0037389879	0.0572799529	0.074570784	0.0956177435	0.0368985711	0.0258393627	0.0458963576	0.1902790345	0.0775180879	-0.1010321989	-0.0025196824	-0.0479713167	0.0713342504	0.0547600061	-0.0203657904	-0.0656173926	0.1038503343	0.1735530374	-0.0023359439	0.0776651003	0.0722838974	-0.0352468383	-0.0203109239	0.0065625012	0.0539210451	-0.0918606296	0.0857810923	-0.0919824641	0.033972718	-0.064849276	0.0013393562	-0.0802378491	-0.0255250592	0.0904166415	-0.0255229175	-0.0821527676	-0.0622187388	0.0342383765	-0.024120837	0.0541319239	0.0466063369	0.0046107218	-0.0305562105	0.0982979141	-0.046639078	0.119837372	-0.0166806187	-0.1498825726	-0.0607932354	0.0807425039	0.107527933	-0.1166090467	-0.0387186469	-0.0862557063	0.0674804977	-0.0788559966	0.0612069691	-0.0233726964	0.0935105436	-0.0330796251	-0.0487796662	-0.0074848773	0.0597911045	0.0129626698	-0.0743500342	-0.0973108962	0.0819949584	-0.0582285042	0.0284609379	-0.00211742	-6.135999999999989e-05	4.4834674564e-06	3.765049599999986e-09	-0.143493	-0.0451372	0.020590241049	0.00203736682384	0.0644022	-0.0456397999999999	0.0020829913440399	0.00414764336484	0.00320149	0.0006313299999999	3.985775688999998e-07	1.02495382201e-05	0.00222095	0.0001602199999999	4.932618902500001e-06	2.5670448399999995e-08	-0.000324648	0.0002680049999999	7.182668002499995e-08	1.0539632390400002e-07	0.0
273.9188161482935	0.2143326974306774	0.0459385051879103	75031.51784008261	392.3528051592476	-0.0255027598901165	153940.72371633054	0.0006503907620129	287.6441695137136	0.1569452504501782	82739.16825523402	0.0246318116388691	298.7581959122773	240.38394007286945	1.122499	21.891365	0.07204149	0.0419652	0.0507389503	-0.0566537929	-0.041628539	0.049672057	-0.0492005841	0.1365953221	0.0854004716	-0.0725518125	0.0741626425	0.0383062529	-0.0690848814	-0.1289822503	0.0764949627	0.1216685404	0.0199247175	-0.0476581334	0.0776693824	0.033542062	0.0150503664	0.0103490308	-0.0996104781	-0.0443856702	-0.0366878068	-0.0639700445	0.0621096006	0.0218710484	0.0138064822	-0.0035157308	0.0993640889	7.3376e-05	-0.0076351878	0.0278926393	0.0422818307	0.0618787601	-0.0128410996	0.0112106169	0.1284589438	-0.0409658243	-0.0033370321	-0.0527711495	-0.0155040629	-0.0691904224	0.0070250194	0.0397175658	0.0967680532	0.1279234908	0.0308500163	-0.0679559895	-0.0211893296	0.1236108232	0.0514015171	-0.0487548729	-0.0120081524	0.0264347125	0.0161509884	-0.0026758261	-0.088282245	0.0320334835	0.056543913	-0.1647306628	0.0775949136	-0.0129530064	0.1280510341	0.042000897	0.1223241102	-0.0482341942	0.0794496076	-0.1056713832	0.0296188332	0.0892752321	0.1893218454	-0.1519387235	-0.008103173	-0.0569076402	-0.0822176065	-0.081879715	-0.0590199567	0.0677514741	0.1009638596	0.0788257615	-0.0515924891	0.0959023592	-0.0425829579	-0.0060301103	-0.1279175919	0.0726221424	-0.016468662	-0.0135774559	-0.0462290353	0.0924303679	0.1118006303	0.0155566586	-0.002417761	0.0311912206	0.022751957	-0.1461749599	-0.0704902713	-0.0331513599	-0.1016256027	-0.0764985887	-0.0903210153	-0.073762258	-0.0720886783	0.0008900728	-0.0498177916	-0.0491819026	0.0539264929	0.0296119021	-0.0381330664	-0.0161406312	-0.0592170956	-0.037291879	0.0705340506	0.1071673314	-0.0451469442	0.1157322241	-0.0156077205	-0.12957199	-0.0538310709	-0.0496110497	-0.0574410939	0.07536183	-0.0315350433	0.0878678938	-0.1540251975	-0.1140289299	-0.004863748	-0.0292652084	0.1118801089	0.021356149	0.0036751442	0.0411982539	-0.0405327284	-0.0087579215	-0.108070854	0.0776370502	0.0862416401	0.1097161893	0.1043356244	0.1102979213	0.0592818318	-0.0660536144	-0.0824580622	-0.0475287825	0.0252088502	-0.0280949185	-0.1164251394	0.0560284131	-0.1173207428	0.051497435	0.0095594893	-0.0610797592	-0.0002032796	0.0843547824	0.0442305294	0.0051174082	0.0256476276	0.0142363414	-0.0904530063	0.0112230284	-0.1012850142	-0.0227534636	-0.1257359411	-0.0564977612	-0.0137956977	0.0694612766	0.0705147365	-0.0129747638	-0.0255351351	0.1137837642	-0.0538976219	0.0181207836	-0.0316961885	-0.0341362861	-0.0045682652	-0.1073392582	0.0843383169	0.0371291223	0.0122888112	0.0864428068	-0.0290956257	0.0187634351	-0.0393075063	0.0639268164	-0.1258767573	-0.0978351141	0.0839891338	-0.0623453902	0.034913343	-0.00429231	-0.0021748899999999	1.84239251361e-05	4.730146512099998e-06	-0.134188	0.009305	0.018006419344	8.658302500000014e-05	0.0286295	-0.0357727	0.00127968606529	0.00081964827025	0.00336012	0.0001586299999999	2.5163476899999963e-08	1.12904064144e-05	0.00212557	-9.538000000000038e-05	4.518047824899999e-06	9.097344400000072e-09	-0.000566416	-0.000241768	5.845176582400001e-08	3.208270850560001e-07	0.0
274.0915394446929	0.1727232963993969	0.0298333371190739	75126.17199516164	393.46319449279855	1.110389333550927	154813.28542047783	1.2329644720636717	287.700210144767	0.0560406310534062	82771.4109173431	0.003140552328864	298.97475292732446	240.32763434097183	1.068331	20.834972	0.0710621899999999	0.0320566	0.0389644304	-0.0169985071	-0.0768426351	0.0775557149	-0.0858615666	0.0311968006	0.027766891	0.1182895774	0.0489357886	0.0250734324	0.0437467142	-0.1340505975	-0.0185625701	-0.1031526009	0.0148418871	-0.0711981615	0.1202872719	-0.0657608491	0.0415980785	0.0079063185	0.0091653014	-0.0520694102	0.0537860911	-0.002765791	0.0488713282	-0.0327766667	-0.0103397912	-0.0359345661	-0.0144952457	-0.0277513835	0.1258126966	-0.0002288366	-0.0148847686	0.0480343311	-0.0512152783	0.0406168179	-0.0207945543	0.0018015633	0.013283692	0.1243753267	0.0047055104	0.0513495458	0.0334854167	0.1263148671	-0.0127557054	0.1152163035	0.1110811364	0.0018807571	-0.0312847537	-0.0904541907	-0.0435633531	-0.0179386361	-0.0438208036	0.0183690052	-0.1410265327	0.1105315937	-0.0169075821	0.0029710233	-0.0377428888	-0.0598304721	0.207844959	-0.0189277239	0.0137540792	-0.1554510616	-0.0313369867	-0.0303185495	-0.0079696033	0.0611950543	0.0099312646	-0.0574783057	-0.0844437717	0.0689009126	0.0361447722	0.0270954907	0.0234987301	0.068187365	0.014940065	0.0467092819	0.0763515467	0.0985471725	0.1193813693	0.0357912338	0.0122785373	0.0230127845	0.0363564549	0.0144062255	-0.0001446118	-0.0853562158	0.0596802074	-0.0568163948	-0.0794638034	-0.0570268061	0.0002817679	0.0366611527	-0.0058305515	-0.1011828309	0.0629308553	-0.067136088	0.040824377	-0.0603926257	0.08603669	-0.1253365318	0.0704393451	0.0007111451	-0.0006351541	0.0083673581	0.0122440797	-0.070402798	0.001799412	0.0485689288	-0.0921378248	0.0114730561	0.0574115234	-0.2350081825	-0.0608607803	0.0492837632	0.0063765842	-0.0200943209	-0.0473051076	0.049137851	-0.0301735495	0.0107573806	-0.0129634046	0.0820623638	0.0208230474	0.0375184931	-0.0527825173	0.0060373901	-0.0564060181	-0.0777232216	-0.1434683493	-0.0958249783	-0.0862232284	0.0552562967	-0.0159100156	0.1048741353	-0.0648653804	-0.0146195144	0.1091672791	-0.0343933583	-0.0265687629	0.0773462536	0.0400446957	-0.0497603338	0.0269066003	0.0258319382	-0.0530959061	-0.0351149447	-0.0445683096	0.0133531516	0.0223243982	-0.0094898189	0.0372969728	0.0813226804	-0.0430220485	-0.1002130693	-0.0704866076	0.0189600563	-0.098768213	0.01403244	0.1197309433	-0.0116169183	0.0030908774	0.144789838	0.0256664132	0.074603185	0.0782084432	0.0524398449	-0.0443247116	0.0040205495	-0.0295279527	-0.0051344598	-0.0047409791	0.0546379681	-0.0075402465	-0.1111522088	-0.026718603	-0.0514483364	0.0555596675	0.1227564391	-0.0070523702	-0.031757458	-0.0998965696	0.0186888665	-0.0932592431	-0.0983325849	0.0858914684	-0.0663089027	0.041213081	-0.00212352	0.00216879	4.509337190399999e-06	4.7036500641e-06	-0.117937	0.016251	0.013909135969	0.000264095001	0.0391635	0.0105339999999999	0.0001109651559999	0.0015337797322499	0.00305522	-0.0003048999999999	9.296400999999993e-08	9.3343692484e-06	0.00183007	-0.0002954999999999	3.3491562049e-06	8.732024999999985e-08	-0.000324648	0.000241768	5.845176582400001e-08	1.0539632390400002e-07	0.0
274.0840042465429	-0.0075351981499807	5.67792111594728e-05	75122.04138381896	393.3938419630485	-0.0693525297500627	154758.71489444797	0.0048097733827333	287.7267581436484	0.0265479988813694	82786.68735185354	0.0007047962446051	299.06519202123826	238.05904074964	1.115989	21.764406	0.1219661999999999	0.0686991	0.0631003218	0.0315495976	-0.0249224638	0.0106887123	-0.0773855925	-0.165321615	0.008591467	-0.053228277	-0.0394559135	-0.0298892431	0.0432249042	-0.0687566524	0.0015636912	0.0093462786	0.0082122425	0.0246265485	-0.1096709862	0.124638349	0.1314178674	0.0084235532	-0.0544673285	0.1155901135	0.0418992009	0.0451761164	0.0279738129	-0.060910926	0.0849501794	-0.0582206189	-0.1095796051	-0.006844307	-0.0142021247	0.057297431	0.1231779565	0.0094761021	-0.0553658045	-0.0309422503	-0.0049745047	-0.0869466866	-0.033594934	-0.019540834	0.0245990901	0.1241071916	0.0510417403	0.1900460912	-0.0541965591	0.0647305935	0.0056457974	-0.0026470112	-0.0546121844	0.0302750655	-0.0311575261	0.0349474081	0.0490140359	-0.0864010885	0.0648900408	0.0331587923	-0.0349032482	0.0128568138	-0.075233543	0.0112233956	0.024572748	0.0065227316	-0.0485517595	-0.1159925804	-0.1037586271	-0.0290646337	0.1545183177	0.1127116365	0.003614418	0.0083744491	-0.0006203259	0.0354720723	-0.008590799	0.0302345382	0.0600250996	-0.0178708927	-0.1095302058	0.0346400885	0.0345599101	-0.0527358223	0.004012373	-0.0762444571	0.1280369962	-0.0054962206	0.1185568547	-0.0570032239	0.0509395831	0.003968914	-0.0449729055	-0.0024850456	-0.0496906422	0.1394661499	-0.0390322106	-0.0543100158	-0.0257285866	-0.0578863508	-0.0164084484	0.002838595	0.065711611	-0.0364649505	0.0163145122	-0.0457188312	-0.0601585217	-0.0457341594	0.0317038392	0.1281624076	0.0043982681	-0.151905317	-0.0116901604	0.0336183061	0.0422556424	-0.0580390566	-0.0179374522	-0.1266813577	-0.0501276109	0.0407185762	0.0880011857	0.0796756125	0.0375919175	0.0855812667	-0.0311689246	-0.0262428419	0.029285911	0.0135996636	0.0475283374	-0.054904291	-0.070442237	-0.0528168042	-0.0853200826	0.0613446651	-0.0664796254	-0.0021341335	-0.0017447098	-0.1774480778	0.0770572543	0.0318871037	0.0411958849	-0.0450610167	-0.0526391299	0.0343644292	-0.0211067058	0.0448506727	-0.037442041	-0.0293359758	-0.0460588318	0.0131347325	-0.1603747928	-0.080618198	-0.0160986587	-0.0136666323	0.0038356307	0.1796865589	0.0304512202	-0.0372563905	0.0147163987	0.1064841953	0.0715505835	-0.0448112041	0.0190726156	-0.0054831796	-0.0846473762	-0.004483563	-0.0340435726	-0.0567976389	0.0771336367	0.0471479942	0.0516252888	-0.1025920699	0.0013775463	-0.0633518061	0.1232147046	-0.014237834	-0.0085874448	0.0398601933	-0.0700033029	-0.1309417189	-0.0492298422	-0.0370105453	0.1314446426	-0.0122199671	0.0098611759	-0.047931082	-0.096045486	0.0491779595	0.0974041978	-0.0988031726	0.0876998819	-0.0701092912	0.0473326046	-0.00212092	2.599999999999738e-06	4.4983016464e-06	6.7599999999986375e-12	-0.172896	-0.0549589999999999	0.0298930268159999	0.0030204916809999	0.0335734	-0.0055900999999999	3.124921800999993e-05	0.00112717318756	0.00374183	0.0006866099999999	4.714332920999998e-07	1.40012917489e-05	0.00237175	0.00054168	5.625198062500001e-06	2.934172224000001e-07	-0.000324648	0.0	0.0	1.0539632390400002e-07	0.0
274.36852245884126	0.2845182122983374	0.0809506131294418	75278.08611624768	393.9433785950033	0.5495366319548225	155191.3855388461	0.30199050986025	288.097559701795	0.3708015581465815	83000.20390612932	0.1374937955239327	299.3009416043903	238.3848976450953	1.06337	20.738211	0.10636506	0.0547103	0.0345574604	0.0915506801	-0.0378060126	-0.0363617779	-0.0279342784	-0.0004113198	-0.1241336373	0.0004253912	-0.104498876	-0.0411297805	0.0854929964	0.0151673052	0.0154997503	0.0208255096	0.0404657475	0.0324876932	0.0884330097	-0.0347611805	-0.0728210129	-0.1146819493	-0.0246394319	-0.1249674116	0.0162277675	0.0154313875	0.0428955615	0.04682116	0.0814973281	-0.0831720326	-0.0552192314	-0.0873717635	0.0435565775	0.1053789625	-0.0963623994	-0.0028230544	0.0049216733	0.001883916	0.0080329974	0.0647176521	-0.027110375	-0.1388145077	-0.1264778096	0.0666270976	0.0255644795	0.0063922997	-0.0307741913	-0.0914698804	-0.1038533223	-0.0198676523	0.0859732702	-0.0243665321	-0.0217508979	-0.0387187035	0.1998713454	0.0156654611	0.0493143125	-0.1043646854	-0.0173555846	0.0184587705	-0.1293343628	0.0216552806	0.1443217496	-0.0721983344	0.0811046974	0.0052953344	0.0459061941	0.0141200459	-0.0155655202	-0.0542005654	0.1846049718	-0.1440266576	0.0844041572	0.018208796	0.0384904881	0.0010697804	-0.0047107347	-0.0544605313	0.0355002798	0.1259096775	-0.0318161601	0.0019870774	0.1600493704	0.0222711938	-0.0540353514	-0.0646383581	-0.0337286363	-0.0143959709	0.0297163473	0.0433123434	-0.0200737672	0.0291481615	0.0495520767	-0.0905195218	0.0513793976	-0.0023294079	0.0095926179	-0.1431071184	-0.0342466869	0.0073472696	0.0413808361	0.004890052	0.0385299483	0.0104093519	-0.1135069286	0.0913102135	0.059926294	0.0905781723	0.0727599698	-0.0185279193	0.0502310766	-0.0139735891	0.0822061438	0.0422247752	-0.0457439799	0.0499301135	0.0390303739	0.0361246062	-0.0336414749	0.075552839	0.0232121102	0.0497935024	0.0157280023	0.0043832508	-0.109198923	-0.0681282527	-0.1698678817	-0.1038760242	0.1558737554	-0.0589699391	-0.1008347707	0.0156245927	0.0174071554	-0.0300461364	0.0470513579	0.0144842429	-0.1496577325	0.0760413615	0.0844938611	0.0069903427	0.0671290162	0.0616506565	-0.1016717847	0.0412500491	-0.0650608601	0.0824811303	0.0621503594	0.0831740983	0.0715988147	0.0396809631	0.0276066981	-0.0553298836	-0.0166345385	-0.0901342815	0.025617578	0.0142307394	-0.1669804827	-0.0436216497	-0.0229348786	-0.0580151292	-0.052315453	-0.0614583116	0.0198031659	-0.0078493087	-0.0069473613	-0.0270976121	0.1083384996	-0.036579664	-0.0200714195	0.0558373226	0.071553559	0.0990488776	0.0378747994	0.0515719375	-3.87487e-05	-0.0728489386	-0.0062333543	-0.0751099188	-0.0353871799	0.0381369622	0.0754039587	0.016621245	-0.0280436453	-0.1898685561	-0.1108300237	0.02795338	0.1117918712	-0.0992467484	0.0894123968	-0.0737372065	0.0532451548	0.00793474	0.01005566	6.296009886759999e-05	0.0001011162980355	-0.127606	0.04529	0.016283291236	0.0020511840999999	0.0206666	-0.0129068	0.00016658548624	0.00042710835556	0.00393148	0.00018965	3.5967122500000154e-08	1.5456534990400002e-05	0.00212738	-0.00024437	4.5257456644e-06	5.971669690000014e-08	-0.00065288	-0.0003282319999999	1.0773624582400001e-07	4.262522944e-07	0.0
274.31803064360935	-0.0504918152319078	0.0025494234054131	75250.38193618819	393.3365127572922	-0.6068658377110978	154713.6122680675	0.3682861449807925	287.39393124312744	-0.7036284586675379	82595.27171537947	0.495093007846855	298.6551273764089	243.2820011869504	1.1374	22.181978	0.08885317	0.0582162	-0.0421838188	-0.0121228727	-0.0594524279	-0.0639119544	0.078152225	-0.0745787092	0.0653074004	0.0644005941	-0.0447034942	-0.0166406599	0.0187771906	0.0866634115	-0.1130867777	-0.0522075949	-0.0623181931	0.0477934171	0.0090054135	-0.1418036992	0.0268585795	0.0365464449	-0.0827964579	-0.0140618108	0.065871387	0.0207214826	-0.1856282607	0.1625409906	0.1119957815	-0.1212044028	-0.0371527168	-0.1420234781	0.0972758268	-0.103436597	0.0900491417	-0.0252393026	-0.0780394488	-0.1124247147	-0.0160719406	0.0705489743	-0.0561202153	0.0015156691	0.077854031	-0.0568784443	0.0275469161	0.0285227956	-0.0430111784	-0.0266970726	-0.0001794281	0.1060155414	0.0514039454	-0.1064322511	-0.0500378708	0.0732251661	-0.0252814657	0.011481479	-0.040301659	-0.0201350668	-0.0104934983	-0.0889626529	-0.0968599379	0.0099989087	-0.1557623066	0.0103943517	-0.0584739222	0.1233644589	0.0263534341	0.023803982	0.0319300541	0.1309002289	0.08531077	0.0333775341	0.0540995971	0.040331699	-0.0197671597	-0.0056780828	0.0930512885	-0.0450285986	-0.0039828641	-0.1476167359	0.0433311716	0.0279798616	0.0590998819	0.0950963132	0.0916092995	0.1037778412	0.0499759695	-0.0152918428	-0.0344207184	0.0862604117	0.0998232623	-0.0208591042	0.0899477209	0.0117438189	-0.0655407416	0.1080598311	0.0114175867	-0.1934315322	-0.0352087542	0.0509247995	0.0501710949	0.1156582268	0.0758341189	0.0421906123	0.0132372011	-0.052224913	0.0804415181	0.0425391652	0.0231545051	0.0682691951	0.0216159071	-0.0035801373	-0.0996798556	0.0440732102	0.0123873683	-0.0487112208	-0.0004562239	-0.1230862809	0.0978033758	-0.0531941177	0.1386668566	-0.0781588491	0.0888975709	-0.0535980204	-0.0396418576	0.0719706603	0.0135494021	0.0344942428	-0.0378271635	0.151295073	-0.1393921627	0.0093651434	0.0975914228	0.0971857181	0.1020957871	-0.0986160126	0.1135434913	0.0003234089	-0.0423921964	0.0240049196	-0.0366589435	0.0618297091	-0.0006432832	0.0791786266	-0.10770136	0.0377077238	-0.0426005826	0.0328041552	0.0246672924	-0.0087803039	0.0732456879	0.0781535871	-0.0788217418	-0.0794617533	-0.0193958102	-0.0889270664	0.1119424207	-0.0525357362	-0.0292907718	-0.0297459253	-0.1097831006	-0.0750474839	-0.0235397121	-0.0151556002	0.0685842416	0.0213472468	0.0336122555	0.0799241693	-0.1131465839	-0.0632757544	-0.0663104426	0.0177946991	0.028341764	-0.0155508799	-0.0009624279	0.1094285652	-0.0043440965	-0.0334408844	-0.071784442	0.1325274503	0.0199851042	0.1397916928	0.038812639	-0.0735341631	-0.0655815436	-0.070346544	0.0703734245	-0.0996631912	0.0910271406	-0.0771837238	0.0589248775	0.00572107	-0.0022136699999999	3.27306419449e-05	4.900334868899996e-06	-0.180206	-0.0526	0.032474202436	0.00276676	0.0192406	-0.001426	2.0334760000000007e-06	0.00037020068836	0.00361997	-0.00031151	9.703848010000005e-08	1.31041828009e-05	0.00237175	0.00024437	5.625198062500001e-06	5.971669690000014e-08	-0.00074927	-9.639000000000002e-05	9.291032100000004e-09	5.614055329e-07	0.0
274.1877448173009	-0.1302858263084658	0.0169743965368797	75178.91940799731	393.7524199198066	0.4159071625143724	155040.9681927037	0.1729787678307566	287.3973666486332	0.0034354055057406	82597.2463565689	1.1802010988872957e-05	298.7046319126004	243.15880878024825	1.173702	22.889959	0.08252473	0.039491	-0.0458924161	-0.0641853785	0.0408897909	-0.0510386516	-0.020477113	0.0390807569	-0.0949276674	-0.0965917649	0.0370818309	-0.0341543413	0.0320085039	0.1371746981	0.0945579314	0.0615441742	0.0626032269	0.0501924657	-0.0252933914	-0.0352205186	-0.0187871727	-0.0245156875	-0.0175355793	0.0698724296	0.1332747161	0.0743583603	-0.031315392	0.0679355835	0.0498201223	0.0091153425	0.1362962364	-0.0318247329	0.0502788663	0.1453859631	-0.0516832945	0.0572418598	-0.0105123162	-0.0658630122	0.0657423557	0.099592954	0.1233418487	0.0615239952	-0.0294613125	0.0469324854	-0.0804045191	-0.008607039	0.0810991783	0.0073005826	0.0339754685	0.0770439073	0.0466799599	0.000428366	0.0097754093	-0.0753946125	0.0743778963	0.0149677755	0.0128008265	0.0191727995	-0.0097931424	-0.0187771902	-0.0295969505	0.0135612469	-0.1619584571	-0.1127660877	-0.0114845162	0.0248284112	-0.1787066118	0.0415887638	-0.0639126084	-0.0566732378	0.0006532892	-0.0381286737	0.0715841075	-0.0059440296	0.0145406838	-0.0122324516	0.0684004819	-0.018260942	-0.0231278019	-0.0411803725	0.0074929043	-0.1194923202	0.005056868	0.0714965861	0.0022456028	-0.0183746013	0.0832775797	-0.066494116	-0.0086265033	0.0604730142	0.0602126685	0.0031737802	-0.0732353612	0.1242006267	0.1856676472	-0.0303932438	-0.0362744145	-0.0872050087	-0.0817331673	0.0082810206	-0.142019003	0.0343791186	0.0087422132	-0.0281259869	-0.074947709	-0.0366085774	-0.0039615996	0.0158714149	0.0496280515	-0.0511912283	-0.1247881844	0.0678522259	-0.0193339406	0.0729348721	-0.0504947399	0.0479448705	0.064471527	-0.0245692314	-0.0464452619	-0.0072830014	0.0737397546	-0.0821835701	0.0523084405	-0.0141492381	-0.0043030386	-0.054329281	0.1029892989	0.0987626633	-0.0470703124	-0.0576447104	-0.0514669088	-0.0390703748	0.1384654785	0.0240336816	0.0153321065	-0.0258746816	0.0406787601	-0.0676757367	0.0616703501	0.004550516	0.0399522019	-0.0411204554	-0.19122315	0.1276682491	-0.0149933008	0.0278478693	0.2037868488	-0.0403295805	0.0774513631	-0.0577280911	-0.0740040081	-0.0586124516	0.0675162533	0.0202465038	-0.0220880846	-0.0522162418	0.0810841998	0.0626481955	-0.029708351	-0.0573436165	-0.04983645	-0.0623394807	-0.0322361421	-0.0026313575	-0.0346234423	-0.0723924543	-0.0649762621	0.0798698506	-0.0659885842	-0.0422254173	0.0786755385	0.0571525162	0.0778100366	0.0041529657	0.0522920688	0.0568524382	-0.0339729794	-0.0866607218	-0.0927460606	-0.011897196	0.040429233	0.0810939979	0.0184309506	-0.0429779044	0.0062761668	0.0397387434	-0.0786500116	-0.1000523871	0.0925423476	-0.0804403643	0.0643469367	0.0190194	0.0132983299999999	0.00036173757636	0.0001768455807888	-0.160651	0.019555	0.0258087438009999	0.000382398025	0.0321945	0.0129539	0.00016780352521	0.00103648583025	0.00386745	0.00024748	6.124635040000001e-08	1.49571695025e-05	0.00188488	-0.00048687	3.5527726144e-06	2.3704239690000013e-07	-0.00074927	0.0	0.0	5.614055329e-07	0.0
273.8973439260766	-0.2904008912242943	0.0843326776238644	75019.75500975948	394.1210242470926	0.3686043272859933	155331.38175357733	0.1358691500939597	287.5815080876828	0.184141439049597	82703.12379398596	0.0339080695752564	298.92593477384787	243.3914745139517	1.089128	21.240549	0.09471371	0.0525337	-0.0104996434	-0.0897184036	0.0150819569	0.0710291656	-0.0183786228	0.019444824	0.0401618436	0.0554418717	0.0800623713	0.0530717567	0.1049005587	-0.017866164	0.0139162188	-0.0342419085	0.1907230931	-0.0436456794	0.0172002967	0.061542366	0.0415256593	-0.0051024132	0.0159902994	0.0878129594	-0.0455335244	-0.0717390397	-0.0912412808	0.0880754869	0.0528431838	-0.1079830015	-0.0971538471	-0.0385898918	0.0732831692	0.0548915612	0.0264326317	0.0435462906	0.0608288135	-0.0727694983	0.0838838569	0.0940183923	-0.012207896	-0.0011327971	-0.1152007088	0.0551253765	-0.0773881719	0.0203422204	0.0968130892	-0.0401242502	0.0474037319	-0.0048372307	-0.012607969	-0.0508868244	-0.0866380934	-0.0314819647	0.0406970759	0.1027156733	-0.0434552886	-0.0263596656	0.1074677023	0.0375913058	0.0868540367	-0.0433495684	-0.1156807532	0.1036979953	-0.0460002635	0.0297708759	0.0080905159	0.1100141363	0.0349793273	-0.0117985598	0.0123600275	0.066921406	0.0782609923	-0.0909938945	0.0867848368	0.095683179	0.0942328914	0.0798746552	-0.0583997981	-0.0375405123	-0.0427707304	-0.0544296984	0.0539057732	0.0836688661	-0.0474389873	0.0151139805	-0.0783514555	-0.0227253741	0.0439505682	-0.0644840419	0.0166109206	-0.0691861285	-0.0634122207	0.0701930824	-0.0206469526	-0.0374285372	-0.0869806237	-0.0496728389	-0.0603767959	0.0399851846	-0.1079274906	-0.0229246838	0.1049950842	-0.0678915394	-0.0640746907	0.0212884046	0.0151078852	0.0489270738	-0.0148604745	0.0155744808	-0.0217758284	0.0181637315	-0.0169892273	-0.0071834396	0.027403121	0.0139257999	-0.0374610964	0.0486860513	-0.0327991912	0.0155952302	-0.1833146229	-0.0110125013	0.1144011635	0.0623823882	-0.0168160871	0.0986391973	-0.0006930381	0.0673827264	0.0624170811	0.0924740853	-0.0300272358	0.0220550235	0.0667094531	0.0626898347	0.0696465768	-0.1143052286	0.0807398018	-0.06063239	-0.0662013861	0.0131700703	-0.0938369461	-0.0087666262	-0.076830756	0.0768036063	-0.0016631466	-0.0776765856	0.198240643	-0.0076349771	-0.0905796594	0.0594552889	-0.0044905993	0.1028665418	0.0299783264	-0.0719763247	0.0165336415	0.0107846617	-0.0224766857	0.0661025909	-0.0296804395	-0.1117506875	0.0020151195	0.0326242145	-0.0579626483	0.0307507892	0.0109922688	0.0596492526	-0.0243502044	0.0943765455	0.012812185	0.0585435615	0.0708836274	0.1018426398	-0.074553045	0.0965050743	0.0055636903	0.023494087	-0.0759848084	-0.0635358133	0.0277136848	0.0375889742	0.0382111181	0.1173247595	-0.0089151084	0.0118012288	-0.0888235366	0.0807870582	-0.1573866821	-0.1004142296	0.0939563609	-0.0834991166	0.0694876231	-0.00207686	-0.02109626	4.313347459599999e-06	0.0004450521859875	-0.153791	0.0068599999999999	0.023651671681	4.705959999999969e-05	0.0679761	0.0357816	0.0012803228985599	0.00462075017121	0.00336302	-0.00050443	2.5444962490000016e-07	1.13099035204e-05	0.00191273	2.7850000000000054e-05	3.6585360529e-06	7.75622500000003e-10	-0.000662033	8.723699999999999e-05	7.610294168999998e-09	4.38287693089e-07	0.0
273.65624324653464	-0.2411006795419439	0.0581295376755871	74887.73946780653	393.3462479054396	-0.7747763416529665	154721.27074128756	0.6002783795851543	287.26718237368607	-0.314325713996709	82522.43406891661	0.0988006544795409	298.4556188006048	239.64373411038005	1.139578	22.224447	0.08281751	0.0389178	0.0450181433	-0.0032121529	-0.0128295473	0.0226083544	-0.0381858328	0.022779188	0.1052153377	0.045952881	0.0257080321	0.0532964911	-0.0205520636	-0.0143368439	-0.0114482348	-0.1104246947	0.0312446393	0.0022031107	-0.0455608788	-0.0881946661	0.0656295928	0.0615976126	0.0239456927	0.1300105848	0.0937670978	0.0858034522	0.0583305761	-0.0878931037	0.1356261938	0.0602131177	0.0496658014	0.0043664285	0.0132708853	0.012207014	-0.0409344789	-0.0188921318	0.2126788987	-0.0900932543	-0.0130364083	0.033819851	0.0572084839	0.0676506378	0.0459462916	0.0339899754	0.0258129652	0.1962568464	-0.058400887	-0.0599872019	0.0400278234	0.0436574081	0.0219727212	-0.1107882053	0.1838610624	-0.0720406805	0.0021326444	0.0109783286	0.0580656308	0.0278884865	0.0601564821	-0.0156798172	-0.0618679713	0.0928150396	0.0107166863	-0.0293243135	0.0394378595	-0.0675260633	-0.0147976838	0.0591797409	-0.108843193	-0.1130404039	-0.0400188726	0.005627753	0.061142743	-0.0468080371	-0.0480871491	-0.0576125303	-0.0759358876	0.0857455923	0.0755630275	-0.0012079125	-0.0354962293	-0.0856720468	0.0211813539	-0.0382057658	0.0110928242	0.0327707326	-0.1527422268	-0.0160732764	-0.0453590152	-0.0249626175	-0.0866928066	-0.0404807323	0.1663157619	0.0563525699	-0.0184389577	0.0017282972	0.1236709798	-0.0099110221	-0.0073686664	0.019804984	-0.0091388641	0.0573023376	0.0408384203	-0.119193689	0.0095803312	-0.1129638505	0.0722655033	0.0853330555	0.0180304785	-0.0370834595	-0.0060712803	0.0621986355	0.0468137607	-0.0569719951	0.1022008434	-0.0828850973	-0.0448556007	-0.0526788769	-0.1323802687	-0.0225094785	-0.0288712394	-0.0807199684	-0.1394013396	-0.0906828495	0.063804448	-0.0799380111	0.0044988836	0.0772063542	0.0015392066	-0.0214761691	-0.0154810021	0.0566972206	0.0307839162	0.0579498995	-0.0002900798	0.1966288923	-0.0063353085	0.0086924139	-0.0012119163	-0.0227935233	0.026719977	0.01299074	-0.0165628414	-0.0440065443	-0.0758228937	0.0230352038	0.0214386982	-0.0224012341	0.0447555333	-0.0365674958	0.0258329153	-0.077972556	-0.1134884791	0.0026385994	0.1006325731	0.0232587968	0.0423453963	-0.0628629237	0.0050691441	-0.1103854725	-0.003585477	-0.0137868096	-0.0136472256	0.0177852682	0.0035267446	-0.0089012005	0.0418490985	0.1012252044	0.0453442964	-0.0805304907	-0.0619717559	-0.0886356558	-0.001391648	0.0480327876	0.0418564458	0.0407173069	0.0266550964	-0.0414837832	-0.0875583755	-0.0534512845	0.0789893015	0.0626967115	0.0291244969	-0.0396136123	-0.1134381706	0.038315526	-0.0660645863	-0.1007486199	0.0952676342	-0.0863524559	0.0743244578	0.0151263	0.01720316	0.00022880495169	0.0002959487139856	-0.171053	-0.017262	0.029259128809	0.000297976644	0.0513111	-0.016665	0.0002777222249999	0.0026328289832099	0.00383366	0.00047064	2.2150200960000002e-07	1.46969489956e-05	0.0019886	7.587000000000002e-05	3.95452996e-06	5.756256900000003e-09	-0.00074927	-8.723699999999999e-05	7.610294168999998e-09	5.614055329e-07	0.0
273.8370847122298	0.1808414656951527	0.032703635714771	74986.74896369292	392.228037170813	-1.1182107346265866	153842.83314286868	1.2503952470341304	287.306471930454	0.0392895567679261	82545.00881312475	0.00154366927102	298.4826884274857	236.2332859070202	1.180025	23.013254	0.0485988	0.0274921	0.0767263789	0.059594583	0.0343454898	0.0087860524	-0.0823530791	-0.1062321512	0.0294599334	-0.0519966216	-0.0466673576	0.1245319806	-0.0296564412	-0.1559104968	0.1271369181	0.0052873537	-0.0050629765	0.1186302251	-0.0897426184	-0.0259454878	0.0500240341	0.0657284179	0.0409633627	0.0448793898	-0.0468578336	-0.0498288195	0.0308164259	-0.0511560451	-0.0192348691	0.0048881375	0.0904409671	-0.0182272905	0.0307627447	-4.07278e-05	-0.1862142896	0.1478357054	-0.0950795831	-0.0939793704	0.0731815489	-0.0827932834	0.0689577394	0.0388129264	-0.0346909693	-0.0993115066	0.0019452832	-0.0466990143	0.0794202961	0.0556485366	0.0221858729	-0.135331853	0.0244366281	-0.0303695418	0.0881639882	-0.0720710785	0.0406274966	0.033426204	0.1435315866	-0.0199336754	-0.0725453077	0.0025982236	-0.0147695956	0.0134709344	-0.0819762774	-0.0148899963	-0.2243907534	-0.0479682519	0.1021203339	-0.076509533	0.0341926312	0.0145353301	-0.1306794783	-0.0791233458	0.0139828252	0.0455671106	0.1902157024	0.0708833189	-0.1117409697	0.0352109436	-0.1304553682	0.0871512102	0.0173568837	0.0324640053	0.0835342072	-0.0247173386	0.051282255	0.007367161	-0.0173888134	-0.0055599369	-0.0033249135	-0.1275404696	-0.0638958405	-0.1568733034	-0.154064516	0.0052776238	-0.0019768025	-0.0464448807	0.126257322	0.0274121873	0.0081814355	0.0817334765	-0.0111277052	-0.0221735575	-0.1245777277	-0.1089725905	-0.0571762721	-0.0164684818	-0.0021753221	-0.0620558863	0.0348711876	0.0761228215	-0.0582239795	0.076728885	0.0009147258	-0.0584488152	-0.0232503297	-0.007044804	-0.0094642169	0.0887732393	-0.0756309337	0.0499750553	0.0239030701	-0.1613194183	-0.103704607	-0.0714380408	-0.0492175447	-0.0637701385	0.1137697151	-0.0487384128	0.0791134433	0.0517074058	-0.0271567842	0.0251610933	0.0025911896	-0.0581605038	-0.0878469629	-0.0973638925	-0.1417978412	-0.0019835911	-0.1120647033	0.0146215921	-0.0723967034	0.0268467954	0.0329361619	-0.1209913795	-0.0660556467	-0.1381423859	-0.0402032163	-0.0016094066	-0.0492820836	-0.012712447	-0.0049380413	-0.1328998488	0.0102551854	-0.0036522102	-0.0693935392	0.0148470363	-0.0733112515	0.0268282894	0.0459931959	-0.1160862713	0.0260047377	0.0424488824	-0.0478243439	0.0175877658	-0.0396980567	-0.0899587844	0.0685056972	-0.0148872833	0.0217313155	0.0418321601	0.0899677473	-0.0117679722	0.1019750307	-0.0077853057	-0.045307148	-0.0012387454	-0.0114438696	-0.0955353179	0.0191168344	-0.0766424488	0.0824865391	0.0662315591	0.0802329827	-0.0315805131	-0.0686157383	0.0707053593	0.0259277267	-0.1010554665	0.0964747338	-0.0889933628	0.0788362905	0.0147361	-0.0003902	0.00021715264321	1.522560400000002e-07	-0.146696	0.024357	0.021519716416	0.000593263449	0.0472595	-0.0040515999999999	1.6415462559999965e-05	0.00223346034025	0.00355712	-0.00027654	7.647437160000003e-08	1.26531026944e-05	0.00186914	-0.00011946	3.4936843396e-06	1.4270691600000012e-08	-0.00074927	0.0	0.0	5.614055329e-07	0.0
274.1843210132864	0.3472363010566255	0.1205730487714874	75177.0418895169	394.2996683759149	2.0716312051018804	155472.22848135646	4.291655849951869	287.7558803816958	0.4494084512418226	82803.44669424483	0.2019679560475736	298.7244389566596	240.2533377201253	1.177666	22.967257	0.0700821	0.0404663	0.0396311892	0.0233216158	-0.0295822482	-0.0510710544	0.0970854945	-0.0683202028	-0.0512077482	0.0540110016	-0.0660462793	0.0441008699	0.0287122007	0.0718072578	-0.0670475212	-0.0251077134	0.0074643925	-0.0401097756	-0.082687343	-0.0227441546	-0.1109231341	0.0352022156	0.03499915	0.0079332269	0.0730133407	-0.0038073072	0.0142622752	-0.1420816438	-0.0232723091	-0.064848948	-0.0594172447	0.0155334955	0.067349069	-0.0731901618	0.1557496129	-0.0804276919	0.0564910045	-0.1183496597	-0.00028788	0.0247303526	-0.0727451445	-0.0251177843	-0.0092297729	-0.0481910617	0.0922876551	-0.0407610734	-0.0465610738	-0.0714120641	-0.0119901696	-0.0647789741	-0.1179841202	-0.0883453971	-0.0459694905	-0.0256712489	-0.0499180659	0.1153364165	-0.0524115171	-0.1148979344	-0.0168147095	-0.1034411241	-0.036747955	0.002876978	0.0280082209	0.121649854	-0.060913209	-0.1370122397	0.0832606997	0.0449840152	0.0123173412	-0.0328696625	0.0083061428	0.0210772532	0.0728869511	-0.0146320048	0.1036455046	-0.0059404543	0.003947831	-0.1466738111	-0.0258202826	0.0054422218	-0.0714283838	-0.0140512383	0.0228094146	-0.104287894	-0.0109052417	-0.0672460912	-0.0579736513	0.097827893	-0.0317599715	0.0212560362	-0.047190415	0.054117285	-0.138669992	0.033497646	0.0284327723	0.0093295255	0.0411120229	0.1329350801	-0.0429305139	0.1377493852	0.0130531406	0.059948972	0.0255883325	-0.0046466852	0.0316787681	0.0443919358	0.0675761966	0.0407561429	-0.0389631069	0.106184179	-0.0297992096	-0.0929503428	0.0431252244	0.0654243087	0.0216444833	-0.0523141067	0.1250788603	0.069569809	-0.0062358773	-0.0760948272	-0.0855217407	-0.1024819546	-0.0134923546	-0.0381734361	-0.0320897973	0.0633465495	-0.0078718499	-0.0658371408	0.0675787398	-0.0093951134	0.0089761221	0.1272760833	-0.0281850528	0.0447738933	0.0235920941	0.0969012578	0.036728299	0.0295732674	-0.0519994922	-0.0374771596	0.0953645121	0.0333506073	-0.1026589186	0.0154623385	0.0657033172	-0.072398853	-0.0549939727	0.0839738119	-0.0320727223	-0.0403392043	0.0647326488	-0.1032898142	0.0445674672	-0.0222103274	0.0038041678	-0.0381200117	-0.0479392121	-0.0307272581	-0.0430962908	0.0305074639	0.1532729821	0.0126460246	-0.0917023257	0.0656413644	0.0758138874	0.0791037423	0.0759398242	0.0295083083	-0.0730448579	-0.0025522305	-0.0257623649	0.0424343663	0.0057171604	-0.0248100193	-0.0399643324	-0.0823930575	-0.0866156011	0.0702191264	-0.0571730282	0.1193065127	-0.0260271182	0.1183410017	0.0163600352	-0.0373052078	0.0108456038	-0.0918721415	0.1437690542	-0.1013346856	0.0975763397	-0.0914153405	0.0830033923	0.0142993	-0.0004368	0.0002044699804899	1.9079424000000093e-07	-0.136533	0.010163	0.0186412600889999	0.000103286569	0.0820587	0.0347991999999999	0.0012109843206399	0.00673363024569	0.00361296	5.584000000000014e-05	3.118105600000016e-09	1.30534799616e-05	0.00221068	0.00034154	4.8871060624e-06	1.166495716e-07	-0.000652988	9.628200000000004e-05	9.270223524000012e-09	4.2639332814400005e-07	0.0
274.3599210025178	0.1755999892313866	0.0308353562180631	75273.36625250781	394.6637795579021	0.364111181987198	155759.49889492834	0.1325769528481144	287.7173501328833	-0.0385302488124921	82781.27356748817	0.0014845800735525	298.93479891633774	241.6898814501328	1.109982	21.647251	0.08003204	0.0390712	0.0337009663	-0.024481771	0.0296299173	-0.1009451905	0.0542490969	0.0358089331	-0.0877451346	-0.048323018	-0.0723876425	0.0290225742	0.0458467969	0.1768430659	0.0565275509	0.1367463819	0.081564629	0.0160036172	-0.0084476988	-0.074211565	0.0650223843	-0.0007659342	0.0737142399	0.1577523456	-0.0109411741	0.0700166595	-0.1710650208	0.1010380515	-0.0411567987	0.0131959964	-0.0364628775	-0.0035638584	-0.0291004053	0.0320657791	0.0816523698	-0.0626965694	-0.1172250747	-0.1171874836	0.135128024	0.0772855716	-0.0179806149	0.0115834386	-0.0554806476	-0.0221097417	0.0550405381	0.0267203064	-0.0575585578	-0.1049318775	0.0934002943	-0.0743694332	-0.1049310014	0.115790363	-0.1697240422	0.0909497692	-0.2014671974	-0.0803705142	-0.0430009106	0.0851883512	0.0141016418	0.0202655268	-0.0211574175	-0.0475039995	-0.0018455392	-0.0262501317	0.1158301323	-0.0782520758	-0.0642037463	-0.1006661297	0.0144202279	-0.0926693483	-0.1223331399	-0.0442641364	0.017875749	0.021596597	-0.1195273898	-0.1144275013	0.0229365174	0.0973765934	-0.1220432977	-0.052138552	-0.036675803	-0.0224308543	-0.0039395454	-0.1362461103	0.0054887361	0.0646470992	0.0324160887	-0.1103678299	0.0244617637	-0.0146232155	0.0384534978	0.0174295562	0.1010378239	-0.1413302462	0.0397090411	-0.0390197967	0.0240928695	-0.007840571	0.0215964625	0.1361007194	-0.0844108359	0.0155910683	0.0340558121	0.0519443188	-0.1220222079	-0.0731630202	0.0257225321	-0.0021363866	0.0804140563	-0.0146953125	0.087636237	0.1415236761	0.0729895894	0.1331105722	-0.132664244	-0.0033462608	-0.0202249269	0.0094149805	0.1278402614	-0.1135000895	-0.068611824	0.00607987	0.0912963288	-0.0388599167	0.0378376137	0.07962868	0.1362873838	-0.0633277221	-0.0492422707	-0.0484176278	0.0875997468	-0.0914771274	0.0007082468	-0.0202545998	0.026131349	0.0635125705	0.0096190585	0.1519437071	0.171387279	0.0187373547	0.0493120802	-0.064916368	-0.0122264829	0.012419092	0.0397669914	0.011704551	0.0575842635	0.0032654088	-0.0385696278	0.0249856891	0.0672490274	0.1544143822	0.0065668732	0.1034604833	-0.0096702041	-0.0974990162	0.0424707033	-0.0715895439	0.1068585681	0.0421456711	0.0675761166	-0.0737537476	0.1037370056	0.0715795068	-0.0464281594	-0.1274058408	-0.052332062	0.0534901923	-0.1034864064	0.016468223	-0.0057653829	-0.0346169065	0.0728548789	-0.0279634307	-0.0022908197	-0.0013651309	0.0256324899	0.0010457247	-0.1372771804	0.053046888	0.0336056466	0.0228389754	-0.0143665368	0.0145665304	-0.0250843421	0.1078615209	-0.013869749	-0.1015862008	0.0985712473	-0.0936124309	0.0868075413	-0.00203774	-0.01633704	4.1523843076e-06	0.0002668988759616	-0.169822	-0.033289	0.028839511684	0.001108157521	0.0885571	0.0064984	4.2229202560000015e-05	0.00784235996041	0.00380369	0.00019073	3.637793290000002e-08	1.44680576161e-05	0.00201954	-0.00019114	4.078541811599999e-06	3.6534499600000095e-08	-0.00074927	-9.628200000000004e-05	9.270223524000012e-09	5.614055329e-07	0.0
274.29983056079163	-0.0600904417261745	0.0036108611868467	75240.397045679	394.3522964203863	-0.3114831375157791	155513.73369203223	0.0970217449566737	287.8898519365671	0.1725018036837582	82880.56684805852	0.0297568722741498	298.9862449350657	243.59699782889405	1.287882	25.116737	0.06405869	0.0455068	0.0069708279	-0.1072333733	0.0394102077	0.0265710161	0.0638493118	-0.0416688673	-0.1082823974	0.0423663753	0.0760078894	0.0563697772	0.1395515329	0.0450518781	-0.0824250393	0.031844283	0.129207112	0.1662561989	-0.0988355039	0.0090097848	0.0272631206	0.1325898594	0.0050485514	-0.0180397147	-0.0677398485	-0.1056895867	0.0685814445	0.0512333804	0.00864372	0.040215431	0.0600870579	0.0408022026	-0.0225679502	0.1642585475	0.0009918836	-0.152269424	-0.0342260848	-0.0121022921	-0.0597579735	0.1154039904	0.039105998	0.0274135863	-0.1959441261	0.0790059894	0.0006383905	-0.0795762531	0.0262742185	-0.1270002821	-0.0544585275	-0.0431795399	0.0383484417	0.0276022252	0.0318733148	-0.015927873	0.0720726947	0.0251710452	0.0939434618	-0.1000123925	0.0521170255	0.047812976	0.1823846717	0.057766795	-0.0069513178	0.0041934878	-0.0177788399	0.0113500348	0.0002468334	0.1379608676	0.0293161304	0.0449533362	-0.0400865544	-0.0150102132	-0.0211412317	-0.0218053316	-0.0588183529	-0.088326417	-0.012712611	0.0034454666	0.005374879	0.0424909077	0.10516532	0.0805129995	-0.1142130713	-0.1025475857	0.0820107332	-0.0210630973	-0.007149401	-0.0358636614	0.1181562219	0.0698691835	0.0703787886	0.1286363392	-0.0837944137	0.0350452937	-0.1251667187	0.2020079194	-0.0529759747	-0.0332804001	-0.0215209933	0.0641113158	-0.1159499693	-0.0026113445	0.1312255396	-0.0560997414	0.028834862	0.1626829737	-0.0112594843	-0.0330290764	0.0546950692	-0.0652940301	0.0288545635	0.0107017694	0.135832542	-0.0598891397	-0.0806205186	0.0708039918	0.0916081976	-0.0498517683	-0.1730605147	0.0839434197	-0.0476763126	0.0354879385	0.066817622	0.0213531237	0.0643523744	-0.1202390955	-0.0273956996	-0.0542946172	0.0500938678	-0.062597337	0.0518142612	0.077462531	-0.0253628409	-0.0065763813	0.0371886353	-0.1594376986	0.0823679325	-0.0171617642	-0.0892283082	-0.0129750718	-0.0582146183	0.0184636667	0.0570471175	-0.0124735393	0.0210936979	0.0479244631	-0.0230151213	-0.0609667153	-0.0634808851	-0.0378984812	-0.0002600859	0.033087619	0.1497213652	-0.0318378594	0.1310834507	-0.0267101952	-0.0016123598	-0.099452119	0.0499344842	0.1256316341	-0.0380417362	-0.0326132319	0.1016715893	0.1115176612	0.0614403065	0.089478139	-0.0293068133	0.0839308586	0.0015488217	0.0985103143	0.1379762678	0.0780740869	-0.084178274	0.1020135495	0.0958788768	-0.0743669109	0.0236232093	0.1172943725	0.0124741796	0.1016515742	-0.1406083639	-0.0066802848	0.0130161966	0.0206828361	-0.0491976768	0.006582698	-0.0532210734	-0.1018099433	0.0994583687	-0.0955792289	0.090232103	-0.002029	8.740000000000137e-06	4.116841e-06	7.638760000000238e-11	-0.130676	0.039146	0.0170762169759999	0.001532409316	0.111709	0.0231519	0.00053601047361	0.012478900681	0.00383712	3.342999999999966e-05	1.1175648999999772e-09	1.47234898944e-05	0.00202115	1.6100000000004132e-06	4.085047322500001e-06	2.5921000000013307e-12	-0.000749271	-1.000000000015745e-09	1.0000000000314906e-18	5.61407031441e-07	0.0
274.15878016569746	-0.1410503950941688	0.0198952139562211	75163.03674194323	394.0429766491255	-0.3093197712608457	155269.86744650325	0.0956787208928619	287.684699890799	-0.2051520457681022	82762.48655125908	0.0420873618828375	298.8745802728152	240.81330619241427	1.220289	23.798515	0.21060295	0.0990852	0.0464064963	0.0131304305	0.0037579286	0.0301882096	0.0321422069	-0.0194743538	0.0502341804	0.0632404936	-0.0131008721	0.0468224202	0.0791867861	-0.0313390275	-0.0513965686	-0.0870288611	-0.0041410441	-0.0023101797	0.0167922491	-0.037263226	0.103959939	0.0298372576	-0.074288298	0.0147863212	0.0263671092	0.1206712989	0.0631184409	-0.0055820414	0.1090230196	0.0971786116	-0.0901199225	-0.0667057703	-0.0839750478	0.0023050891	0.0517355918	-0.0305423963	-0.0812785635	0.0150762306	0.0358879444	0.0147156257	-0.0008695101	0.0391732625	0.0337286526	-0.0352591254	0.0066581341	-0.0083469569	-0.1529310372	0.0625080018	-0.0952523819	0.0710554336	-0.0850664633	-0.1455151242	0.0653054729	-0.0060123269	-0.075362229	0.1176515837	0.0480696249	-0.0776834472	-0.1057092916	-0.0442637196	-0.0922445783	-0.0314062286	-0.0060438567	0.0024219408	-0.0461132604	0.1293829715	-0.0163309449	0.0522376374	0.1286408408	-0.0696143002	-0.03246151	-0.0641634979	0.0182140131	-0.0639206771	-0.092813453	0.017568565	-0.0424519336	-0.0008393211	-0.0810095958	-0.000690907	-0.1429592748	0.0391231303	-0.057027522	-0.0079097331	-0.0189484762	-0.0223810343	0.0100942805	0.0636845334	0.0969623313	-0.0162132725	0.0243463849	0.1348545057	-0.0624852569	0.0694296293	0.0465060314	-0.0887297113	0.0277884389	0.0497097131	0.0167644643	0.0456563106	0.0494646579	-0.0626478311	0.0809685156	-0.0188629685	0.0472401888	-0.1048388879	0.1400998081	-0.0001707654	0.0345230888	0.0235195005	-0.0097643303	-0.0774985306	0.02922563	0.1059357852	0.0127481285	-0.0448155092	-0.0163926781	-0.0965934938	-0.0232782032	0.0078055897	0.1036312848	-0.0070854485	-0.1840550939	-0.0623378728	0.0157119606	0.0540099661	-0.0439540993	-0.0533871431	0.0198764349	-0.0644891568	0.0316722386	0.0388076258	0.0192959203	0.1214309364	0.0795741563	-0.0732833532	-0.0417874024	-0.0744547715	0.0678312896	0.0234056366	-0.0981328475	-0.0519563237	0.0168039216	-0.0590556616	0.1098297246	-0.2253960623	0.0064797387	0.0418284787	0.1207567872	0.0421334696	0.0310117447	0.0012797525	0.1122911387	-0.0198051103	-0.1045862107	0.0624160568	-0.0265931518	-0.0057744955	-0.0721537031	0.1330774951	0.0344149825	0.0300213341	-0.0049294361	0.0635016501	0.0490332902	-0.0806138817	0.0003490494	0.0770472011	0.0474209746	-0.0837084172	-0.0491286026	-0.1404494279	-0.0239409552	0.0929666809	0.0664513354	-0.012859476	0.1524316633	0.0459896711	-0.0470656495	-0.0450053708	-0.0464373238	-0.1385090583	-0.0493162886	-0.1293606836	-0.1150362384	0.1173349804	0.057654468	-0.102005852	0.1002367339	-0.0973108962	0.0932621027	0.0374486	0.0394776	0.0014023976419599	0.00155848090176	-0.198977	-0.068301	0.039591846529	0.004665026601	0.0683879	-0.0433211	0.00187671770521	0.00467690486641	0.00424928	0.00041216	1.6987586560000033e-07	1.80563805184e-05	0.00226985	0.0002486999999999	5.1522190225e-06	6.185168999999987e-08	-0.000220066	0.000529205	2.800579320250001e-07	4.8429044356e-08	0.0
274.41712751362127	0.2583473479238023	0.0667433521792621	75304.75987282707	393.1374414586396	-0.905535190485864	154557.0478766453	0.8199939812082699	287.6698656061084	-0.0148342846906075	82753.95157783646	0.0002200560022819	298.7630463501294	238.32231563961	1.135355	22.142086	0.0871968749999999	0.0469388	0.0450067628	0.079237665	0.0739980548	0.0101616251	-0.0209707262	-0.1046413829	-0.1089506398	0.0072487102	-0.058506033	0.0777269034	0.030147736	-0.0037635237	0.0323053222	0.0648414931	0.0454422747	-0.0131845811	-0.0550283808	0.0419314582	-0.0961676182	-0.0528836857	-0.0271746413	0.0230040934	-0.0493023388	0.0528404209	0.0082535973	0.1495522985	0.0579318122	-0.0384277598	-0.0820156312	-0.0158643627	0.0228587776	-0.1553306246	0.0318444116	-0.0053656063	-0.0985825822	-0.0466197731	-0.011047833	0.0067781974	-0.0144135127	-0.037787495	-0.0100818648	-0.0810466644	0.0057702646	-0.0180590131	0.042134987	0.165137574	-0.1048398936	-0.0932001739	-0.0960090636	0.1883685711	-0.0128832096	0.0244074274	-0.0908943269	-0.0250023901	0.0004763474	-0.0795535221	-0.0313425181	0.0071003776	-0.0203573046	0.0408874225	0.0956826144	-0.0033465161	-0.0620472153	0.0356019408	-0.0265753072	-0.0015323282	0.1968199344	0.1381842326	0.0155174386	-0.0119162398	-0.0527711419	0.0316922982	0.0072733063	0.0237538193	-0.0447141062	0.072037154	0.0738948699	0.0529046608	0.0130264478	0.0091117775	0.0656820558	-0.0090169738	0.0865990716	-0.0712386612	-0.0150894453	0.0284622061	-0.0173118544	-0.0987316639	0.0005280525	-0.0567524887	0.1984043958	-0.0124547709	0.0738259156	0.0212966722	0.0410598023	0.067706291	-0.0266444996	0.1157215309	-0.0064554229	-0.021833036	-0.0622233887	0.0257042788	-0.0193984432	0.0869514694	0.0446218706	-0.1047763844	0.0116207384	-0.0179708308	-0.0891157164	0.0085484027	-0.0344215096	-0.0372484305	-0.0494907984	0.040694488	-0.0526972078	0.0052462276	0.0679428733	-0.0545632058	0.1222151994	0.0936812041	-0.0340621979	-0.1080705431	0.0679485533	0.117290527	-0.0076732503	-0.0417103871	0.0209985505	-0.0473439637	0.0163406862	0.023763075	-0.1588569738	-0.1419552881	0.0465041856	-0.1613135002	-0.0427632434	-0.0557768766	-0.0507062634	0.0084068733	0.0033145667	-0.0332690084	-0.0403684528	-0.1160202741	0.0240186067	-0.0090818874	-0.0893136642	0.0430775166	-0.0586177325	-0.0461078448	0.1426558653	0.0564663747	-0.0443277052	-0.0167731771	0.0006509542	0.2543618124	0.027406838	0.0033338807	0.066773995	-0.0053196655	0.0480599668	0.0229826859	0.0928193559	0.0561977694	0.0671217723	-0.0725221295	0.0439858829	-0.0531855549	0.0136091719	0.0552908302	0.1979608502	-0.0460829428	0.0680520971	0.1008616268	0.0615846465	-0.0589018683	0.0926117762	0.0516153805	0.0404357489	-0.0413147819	-0.0049295002	-0.0990970619	0.1099739823	-0.0186890741	-0.1347205752	-0.1595095843	0.1233697054	-0.1021738733	0.1009054916	-0.0988031726	0.0958842909	0.0300761	-0.0073724999999999	0.00090457179121	5.435375624999996e-05	-0.157679	0.0412979999999999	0.024862667041	0.0017055248039999	0.0541682	-0.0142197	0.00020219986809	0.00293419389124	0.004267	1.7719999999999715e-05	3.1399839999998993e-10	1.8207289e-05	0.00205524	-0.00021461	4.224011457599999e-06	4.6057452100000033e-08	3.37375e-05	0.0002538035	6.441621661225e-08	1.13821890625e-09	0.0
274.3920508716117	-0.0250766420095942	0.0006288379744773	75290.99758152913	393.4444730540538	0.3070315954141733	154798.55337678205	0.0942684005825726	287.42444245914214	-0.2454231469662318	82612.81012294871	0.0602325210668086	298.34761484616723	243.0349920321944	1.093622	21.328203	0.1088523249999999	0.0532905	-0.0144874406	0.0368736221	0.043978164	-0.0280396739	0.1753675672	-0.0963957798	0.0149702269	0.0475195661	-0.0525601945	0.0756396235	-0.025445958	0.028086215	-0.086800489	-0.0084627067	-0.0103987223	0.0040231654	-0.0951128924	0.0467936803	-0.0830485927	0.0092119566	-0.0303146622	0.0469566727	-0.0172760288	0.0988912032	0.0960130938	-0.156228003	-0.0355977232	0.160026786	-0.0885863754	0.0338317593	0.0971170648	0.0161867375	-0.1329032015	-0.0804559261	-0.0743265364	-0.1535381102	-0.1054180698	0.0702835551	-0.115130838	0.1314522669	-0.0172584838	-0.0539822579	-0.0713864966	0.0086215628	0.0128224475	-0.0150094645	0.0819383416	0.0333195173	-0.0565263214	0.0087003862	0.0433216493	0.0166049764	0.0881366032	-0.0530730563	0.0173470179	0.087424546	0.0024011057	-0.1832715209	0.1140957726	-0.0108012601	0.0225917209	0.0481222611	0.0274691305	0.0251194345	0.0398779148	-0.0996790572	0.0154452323	-0.1401327725	0.0351525906	-0.0027274919	-0.1218318894	-0.0215486131	0.0617054105	0.0302195656	0.0704424041	-0.0269682925	0.0113033755	-0.1047242302	-0.015383638	-0.0609642729	-0.0748869	-0.0069868506	-0.0670877213	0.0493802868	-0.0555704262	-0.0160718202	0.0580251823	0.0509154191	-0.0241116783	-0.0293447216	0.0578585045	-0.0946948102	-0.0392000923	0.0552490409	0.0405328102	0.1050851965	0.0932620371	0.158838821	0.007904166	0.1223278812	0.0156639144	0.0035236341	0.1037715681	0.0217938572	0.0311030828	-0.0713288567	-0.0436265163	0.0128415696	-0.0635120344	0.0939632882	0.005907312	-0.0006962942	0.1101089016	0.0246859388	0.0507102927	0.1140552655	-0.0393707575	-0.0194418065	-0.0052658461	-0.0178719519	0.0626508901	0.0188449344	0.0043079276	-0.1484362962	-0.0598993861	-0.0371709403	-0.1617051234	0.0804980408	-0.0457624792	-0.0037974347	-0.0503307023	0.006238177	-0.1135124174	0.0970150407	-0.0678839369	-0.0490715723	0.0998596119	0.0418825783	-0.1142454507	-0.0743371769	0.0622622048	-0.0349064283	0.0678220197	0.0553572501	0.0406092129	0.0960800743	0.006243566	-0.0374978263	-0.0454739595	0.0537391159	-0.1685627464	0.0209868269	-0.005696267	-0.0703367952	0.1104305146	-0.0249740628	-0.0087188309	-0.0115913156	0.1195796633	0.0072124109	-0.0578094076	0.0758512022	0.1250792778	-0.0527620999	0.0256368446	0.0172876956	-0.1053502331	-0.02984596	-0.0028120901	-0.0331682329	-0.0342858231	0.064155025	0.0023341196	-0.0143266998	0.0347746435	0.1601669528	0.0258521558	0.0715936372	-0.073064637	0.0740002198	0.0721642763	0.156436034	0.0438632943	-0.124938425	0.0863803727	-0.1023139614	0.1014639107	-0.1000523871	0.0980872016	0.0461488	0.0160726999999999	0.0021297117414399	0.0002583316852899	-0.189967	-0.0322879999999999	0.0360874610889999	0.0010425149439999	0.0856897999999999	0.0315215999999999	0.0009936112665599	0.0073427418240399	0.0040516	-0.0002154	4.6397160000000066e-08	1.641546256e-05	0.00205524	0.0	4.224011457599999e-06	0.0	-0.000330263	-0.0003640005	1.3249636400025e-07	1.0907364916900001e-07	0.0
274.55976265589885	0.167711784287178	0.0281272425887889	75383.06326966351	394.1235620421224	0.6790889880685995	155333.3821567707	0.4611618537160345	288.1423588711665	0.7179164120243513	83026.0189758401	0.5154039746539182	299.17560812064545	243.53167200746864	1.22139	23.819973	0.1017645	0.0667313	-0.0409964553	-0.0378749201	0.1063254767	-0.1049317713	0.0721021499	0.068964632	-0.1851051177	0.0025321166	-0.0503466597	0.0424519927	-0.0986651512	0.0812761291	0.0406375396	0.0477087018	0.0742080387	-0.0330527796	0.0078130791	-0.0751298247	-0.0691920556	0.009779716	0.0715809547	0.0332200395	-0.0301645652	-0.0434779368	-0.0757641744	-0.0866597155	-0.1054244379	0.0643397406	-0.0123523778	0.0946404399	-0.0193037165	-0.0087787477	0.0345948193	-0.0740934806	0.0104377748	-0.0035185809	0.0546141572	0.0425672857	-0.1068155669	-0.080332647	-0.0330221737	0.0429234225	-0.0237003389	-0.0650347929	-0.1028916076	-0.1253013856	0.0482892635	-0.0580552003	-0.045661916	0.1183490757	-0.0668956759	-0.0740874028	0.0904628632	-0.0144603893	0.0751460179	0.1190036777	-0.0894485591	0.0617082169	-0.055967518	-0.0005797415	-0.0080211688	0.0172709766	0.0722830415	0.0730216219	0.0016820086	0.0010443919	-0.079883339	0.06351451	0.0940410268	0.0244902959	-0.0199771864	0.1358857252	0.1101409025	0.0484865966	0.0357752081	-0.0202167101	0.0412272189	-0.051300449	-0.0685989419	0.0239001371	-0.0181394678	0.0661816088	0.0465231376	-0.1053029125	0.2250010032	-0.0183294322	-0.1431072665	-0.0633578337	-0.0033601324	0.0284162667	-0.0764825235	0.0011963096	-0.053077703	-0.0380975232	-0.1370067498	-0.0058566634	0.0454462608	0.0527645614	-0.0127220287	0.0024020815	-0.0291623717	0.0487823103	-0.018263785	0.0347717029	0.0790304254	-0.0011521763	-0.0416970048	-0.0282670103	0.1655003985	0.0086098507	-0.0210508279	0.1178641165	-0.1176819065	0.1044891996	0.0494352029	0.0468163405	0.062224278	0.0103710686	-0.0022951809	0.0024794028	0.0978862923	0.1532193481	-0.008194171	-0.0733685938	-0.0260945815	-0.0536518691	-0.0661420684	-0.0382526899	-0.1137277218	0.0075657781	0.0299270358	0.0527835011	-0.1211786602	0.0655660942	0.0183571664	-0.0656498986	-0.1337105752	0.0102271535	-0.0547718723	0.0394629693	0.0370981498	0.0812201396	-0.0831095656	0.1155487905	0.0301305888	0.0640042762	-0.0218994961	0.0876460015	0.0204685384	-0.0107009361	-0.0036600465	0.0544765172	-0.1228152996	0.1027560035	-0.0451206425	0.1041287209	-0.1850042989	-0.0196451547	-0.1635370738	0.0751546617	0.0420585353	0.060178934	0.0508358945	-0.0355440214	-0.0994645241	-0.0145068902	-0.078991656	0.0582780641	0.0986912392	-0.0591575796	0.0450320744	0.0173442617	0.1190312585	-0.0450355169	0.0659343266	0.0562374885	-0.0417567971	-0.0519878578	-0.0049464921	-0.0353168764	-0.0436660755	0.0901141325	0.1868075836	-0.0680077741	-0.0501415261	-0.1024260777	0.1019113804	-0.1010554665	0.0998612018	0.0376527	-0.0084961	0.0014177258172899	7.218371520999999e-05	-0.125556	0.064411	0.015764309136	0.0041487769209999	0.0802687	-0.0054210999999999	2.9388325209998925e-05	0.00644306419969	0.00396846	-8.313999999999978e-05	6.912259599999963e-09	1.57486747716e-05	0.00172304	-0.0003321999999999	2.9688668416e-06	1.1035683999999998e-07	-0.000276877	5.338599999999999e-05	2.8500649959999993e-09	7.666087312900001e-08	0.0
274.07918223295206	-0.4805804229467867	0.2309575429197124	75119.39813348374	393.4509215496215	-0.6726404925008751	154803.62766824642	0.4524452321518198	287.4370265995257	-0.7053322716407706	82620.04426037645	0.4974936134179298	298.532434831872	243.68785592559487	1.099442	21.441708	0.1536025	0.0978967	-0.0102474639	-0.05057479	0.0545887862	0.0302173949	0.0691327084	-0.0159351288	-0.0053449204	0.0339016713	0.0361510657	0.0487939293	0.0257235526	0.0037954149	-0.0154976288	0.031995493	0.0171824294	0.0139931318	0.0048713333	0.0298796309	-0.0996283336	0.0153540303	0.0365157243	0.0037293965	0.0121029031	-0.0592133676	0.0681066162	0.0003147774	-2.83419e-05	-0.0614152368	0.1379402476	-0.0691224675	0.0118426151	0.0003546977	-0.0890473554	0.0200196848	-0.0323562578	-0.0315745708	0.0407002838	0.0413319949	-0.0624358317	0.0943199497	0.0804383071	0.1024824925	-0.1130839582	0.0859634988	-0.1024831974	-0.0257710003	0.056863322	-0.0212711585	0.0455235255	0.0059400389	-0.0278718247	0.0203677008	-0.0329412083	0.0303289762	0.1648315556	-0.0531358355	0.0373335312	0.0293045434	0.0073918087	0.058051566	-0.0055737373	-0.0621596358	-0.1164431743	-0.0059427174	-0.147210101	0.0256967708	-0.0142341278	-0.0086504801	0.152845372	0.0180201305	0.0178714468	-0.0009994266	0.110475248	-0.0486499766	-0.0845480379	-0.0896997108	0.038315401	0.0292050096	0.170438673	0.0514338312	-0.0018886119	0.0925456707	0.0306552684	0.0538134327	-0.0434323968	-0.0038373036	-0.0639391064	-0.0114050948	0.0460868866	0.1210995983	-0.07739206	0.0089071887	-0.007108015	-0.0737127337	0.0996059611	-0.0039951909	-0.0328174972	0.0602733944	-0.0712170236	-0.0053988032	0.001392126	0.0006418282	0.0599846519	-0.032796504	0.1245433505	-0.0205314585	-0.1057999357	-0.1373405507	0.0444244463	0.0930546775	-0.0601837272	-0.0451266849	0.0742252564	-0.025712228	-0.0386795689	-0.1167301011	0.0099293447	0.0029495509	0.0537926169	-0.1074342898	0.031952539	-0.0517220065	0.0789229341	-0.0335404771	-0.0468205396	-0.0028214467	0.059149775	0.0029763672	0.0120123588	0.0729283132	0.0167870815	0.0239856123	-0.1235245882	-0.0434816953	0.0067154251	-0.0784643824	-0.039370951	-0.0956429648	-0.0070266013	0.074216603	-0.0429938113	0.0160638845	-0.0921537709	0.005141027	-0.0121784237	-0.0018306439	-0.0672967848	0.0679548651	-0.1686605006	-0.0683827132	0.0502816538	-0.0801872558	0.0901019137	-0.0751759917	-0.0118294153	-0.0674205266	0.0501796761	0.0600776765	-0.0608069985	-0.0682599749	-0.0794648001	0.054061082	0.1405345519	-0.0941532099	-0.0879262303	0.0526609141	0.0606317373	-0.0670663658	0.0347606735	0.0558791343	-0.0736130568	0.1354949577	-0.0094997323	0.0619757621	-0.0094649022	0.1006302458	0.1093632843	-0.00573128	-0.1110877032	-0.0353994611	-0.0153931761	0.1333557842	0.0781517989	-0.0561157457	-0.107950963	-0.1025101919	0.1022474116	-0.1018099433	0.1011985345	0.0573691	0.0197164	0.00329121363481	0.00038873642896	-0.215796	-0.0902399999999999	0.0465679136159999	0.0081432575999999	0.0808847	0.000616	3.794560000000067e-07	0.00654233469409	0.0038675	-0.00010096	1.019292160000004e-08	1.495755625e-05	0.00205524	0.0003321999999999	4.224011457599999e-06	1.1035683999999998e-07	0.000150565	0.000427442	1.82706663364e-07	2.2669819225e-08	0.0
273.5517285611571	-0.5274536717949445	0.278207375889969	74830.54819879698	393.7099846586519	0.2590631090303645	155007.5520199159	0.0671136944604785	287.51812439310896	0.0810977935832397	82666.67185453128	0.0065768521240697	298.8437911053172	241.6910808427293	1.077153	21.007021	0.1371011	0.102155	0.0680291429	-0.0099047223	-0.0624516995	0.0978823132	0.023864707	0.0041258845	-0.0045236264	-0.0206269833	0.0507956119	0.0410233052	0.051710786	-0.0464477255	-0.0357442471	-0.0519322852	-0.0090544068	-0.0203221638	0.0365433197	-0.0699071154	0.0746191417	0.0204524412	-0.0664750725	-0.0343977487	-0.0039952688	-0.0160625361	-0.0123080065	-0.1838503051	0.0678602949	-0.0576243643	0.0076612803	0.0875331039	-0.1559175453	-0.0501396608	-0.0461152395	-0.0563153399	0.0934903178	0.000469723	0.1027992709	-0.0129907963	-0.0318047458	0.009498466	0.0432018747	-0.0441830952	-0.1238885605	0.0990931822	-0.0164398925	0.0362277833	0.0399849253	0.168922532	0.0439374917	-0.0955192158	-0.0539457984	0.0094442861	-0.0805825081	-0.1426035311	-0.1173555547	-0.0632496881	0.0752416228	0.0438128156	0.034848683	-0.0099099151	-0.0028883832	-0.0142820935	0.0614626559	0.0537716138	0.0057719876	0.1407820571	-0.1203865771	0.021320356	0.000484235	0.0035002426	-0.1104423454	-0.0770447413	-0.0175844597	0.0114391989	-0.0107321117	0.0750132294	0.0242763478	-0.04511232	0.0834517985	0.0494314928	-0.1193726105	-0.0049326857	0.0479772126	0.0735490156	0.046426164	0.0314904405	-0.0383103772	0.1837919184	0.047698063	-0.0089493799	-0.0302890824	-0.0278870515	-0.0081677845	0.017646333	0.046975607	0.1439615793	0.0631596856	-0.0101041731	-0.0127516262	-0.091035474	0.0407796318	-0.045706966	-0.0381800678	-0.1230922188	0.0389223774	-0.0503381189	-0.0437863883	0.0158380321	-0.0862029422	-0.0152047793	-0.0516658462	0.0219597565	0.0957849295	-0.0344764428	-0.0766647935	-0.0726342311	0.163394751	0.002777066	-0.0947689986	0.0749473146	-0.0086862611	0.0604061936	0.026662214	-0.0311747133	-0.077262305	0.1521081736	-0.0202919989	-0.0183853606	0.049899927	-0.0777579803	0.1470530327	0.0239157342	-0.0032660302	0.0226468502	0.0388301519	-0.0598645911	-0.0063476332	-0.0573685778	-0.032439604	0.0666561701	0.140945442	-0.0043029182	0.09374334	0.0827826485	-0.1102934287	-0.0205978101	0.0551101416	-0.0641537878	-0.0352402222	0.0394630939	-0.0645753658	-0.0005823706	0.1161755154	-0.0876120016	-0.0418546771	-0.0800852891	0.1513612971	0.0370089654	0.0676807533	0.0880709207	-0.071705057	0.033931186	0.0674912848	-0.0605268081	-0.0486479512	-0.0652814249	0.1368022501	0.1415476112	-0.0361236941	-0.1286522947	-0.0348558254	-0.0056151786	0.0716991045	-0.0262847321	0.0235904221	0.0321195591	-0.0012463805	-0.1342839288	-0.0758657	-0.1385480284	-0.0127636765	0.0756515086	-0.0065760519	-0.0878438874	-0.0878976076	-0.1025662807	0.1024716367	-0.1023139614	0.1020933517	0.0596135	0.0022444	0.00355376938225	5.037331360000003e-06	-0.116919	0.0988769999999999	0.0136700525609999	0.0097766611289999	0.065481	-0.0154037	0.00023727397369	0.004287761361	0.0038675	0.0	0.0	1.495755625e-05	0.00246676	0.00041152	6.0849048976e-06	1.6934871040000024e-07	0.000150565	0.0	0.0	2.2669819225e-08	0.0
273.7571285088424	0.2053999476852936	0.0421891385091213	74942.96540940685	392.5269561427712	-1.1830285158806646	154077.41129870905	1.399556469386808	287.6055744459293	0.0874500528203157	82716.96645237297	0.007647511738276	298.6799352088197	235.982810014759	1.08437	21.147757	0.096241	0.0553632	0.0985297924	0.0179616918	0.0233261465	-0.036251455	-0.0375814143	-0.0980736948	-0.0057156741	0.0154139768	-0.0181676922	0.0626127635	-0.0803105545	-0.0403121524	0.0299354104	-0.0627888555	-0.0441111283	0.0245697064	-0.0424014443	-0.1202543655	0.0674274233	-0.114484323	0.0763840176	0.0111647706	0.0587090184	-0.0662170465	0.0363141141	-0.0473124786	-0.0775377	0.0760653973	-0.0664137255	-0.0218539583	-0.032265238	-0.0607557371	0.0725510028	0.0397838316	0.0653993614	0.0173483747	-0.0225476999	-0.0668698291	-0.0566040294	0.0096699798	-0.0674025752	-0.0382094418	0.0058344983	-0.079696123	-0.0426102412	-0.0086045539	0.0093219079	0.1003393132	0.0053556563	-0.0306457664	-0.0637174127	0.0187114779	-0.0381425898	-0.0394046776	-0.0958487404	0.0890883795	-0.0007414797	0.0080820625	-0.0386360782	0.0651570061	-0.0872396022	-0.1310292918	0.0010464567	0.0332796327	0.004515516	0.0464008946	-0.1172258651	-0.0520892536	0.0193769186	0.039060579	-0.0375147596	0.0417802087	-0.1418871085	0.0104332689	0.0091241887	-0.0965795199	0.1129597102	0.0614255887	0.0376306311	-0.0069553417	-0.0799338072	-0.0387217327	-0.0128934514	-0.111937078	0.0179167806	0.072960152	0.1055821869	0.0524481944	-0.0197439733	-0.1168481423	0.1008147823	0.0132123533	0.0439674385	-0.0495843358	0.0266354134	0.0178946731	-0.0194482735	0.0426658023	0.0539606696	-0.0461673188	-0.026484697	0.0175865279	0.0367170101	0.0303499051	-0.0019201871	-0.1046689136	0.0081502927	0.0393746263	-0.0223123053	-0.0238899206	0.0743341404	0.0437290751	-0.0409261313	0.0047211186	0.0024220716	-0.0677614869	0.0640100006	0.0282973198	0.0174476809	0.0818132892	0.0006510193	0.0246777659	0.0694207047	-0.1172858077	0.0155966189	0.2177849527	0.0888820649	-0.0030965418	0.1029019071	-0.0418540629	0.0155404045	0.0960507346	0.0288449054	0.0685262801	-0.0089083147	-0.0022022669	-0.0480560224	0.0221736293	0.111411091	-0.0157103529	0.0590125872	0.0746437555	0.0449497418	0.0892503947	-0.045315223	0.0513871525	0.0385571262	-0.0273474078	0.0361643907	0.0602539349	-0.0346514146	0.085113295	-0.064476109	0.0097392816	-0.0912927502	-0.0408413221	-0.0638921418	0.0849677695	0.0722318403	0.1064739816	0.0516660729	0.0559562676	0.1462493763	-0.0388349246	-0.0120761087	-0.0548694384	0.0845841433	0.0156967741	0.0381294877	-0.0869843824	0.0850446237	0.0344771749	-0.0118712653	0.0472508394	0.0095055857	0.064792926	0.1305504952	-0.1116296383	0.0067835294	-0.069548891	0.0159457116	0.0666143776	0.0118712722	-0.0521825554	0.0552463955	-0.102594329	0.1025838106	-0.1025662807	0.1025417406	0.0633456	0.0037321	0.00401266503936	1.3928570410000015e-05	-0.167274	-0.050355	0.027980591076	0.002535626025	0.0768148	0.0113338	0.00012845502244	0.00590051349904	0.00398678	0.0001192799999999	1.4227718399999957e-08	1.58944147684e-05	0.0023134	-0.0001533599999999	5.351819560000001e-06	2.3519289599999987e-08	0.000494327	0.000343762	1.1817231264400005e-07	2.44359182929e-07	0.0
